[[0.0, 0.029262, 0.043785, 0.047763, 0.006326, 4.3e-05, 0.022238, 0.031262, 0.051455, 0.00687, 0.001572, 0.025528, 0.101873, 0.007103, 9e-06, 0.019934, 0.043675, 0.000143, 0.000189, 0.022574, 0.083026, 0.001987, 0.010969, 0.017943, 0.001756, 0.003385, 0.006589, 0.055312, 0.001549, 0.048882, 0.015692, 0.027405, 0.00099, 0.000456, 0.017591, 0.002748, 0.002385, 0.034484, 0.011236, 0.006696, 0.001995, 0.049061, 0.020165, 0.018942, 0.009888, 0.019732, 0.028357, 0.019827, 0.054889, 0.011212], [0.029262, 0.0, 0.000388, 0.002328, 0.010511, 0.330657, 0.002151, 0.000148, 0.000974, 0.039022, 0.008493, 0.001285, 0.006906, 0.055545, 0.046396, 0.006473, 0.02688, 0.002015, 0.038069, 0.004506, 0.081009, 0.001984, 0.063664, 0.014114, 0.003055, 0.003513, 0.011526, 0.051881, 0.111752, 0.139596, 0.117512, 5.5e-05, 0.376807, 0.003473, 0.010484, 0.000221, 0.029952, 0.09674, 0.115085, 0.108115, 0.095711, 7.3e-05, 0.037128, 0.03162, 0.003208, 0.008505, 0.002099, 0.000801, 0.006344, 8.8e-05], [0.043785, 0.000388, 0.0, 0.089988, 0.052942, 0.026799, 0.001564, 0.013125, 0.014294, 0.036237, 0.033594, 0.039235, 0.009534, 0.09165, 0.011204, 0.000921, 0.000371, 0.008391, 0.000558, 0.011607, 0.017009, 0.014611, 0.000632, 0.003088, 0.156045, 0.026289, 0.001513, 0.097449, 0.010236, 0.049079, 0.052206, 0.024889, 6.8e-05, 0.036334, 0.037802, 0.010163, 0.064091, 0.070684, 0.003163, 0.061378, 0.035477, 0.161394, 0.000702, 0.0278, 0.076861, 0.166634, 0.234524, 0.010407, 4e-06, 0.032972], [0.047763, 0.002328, 0.089988, 0.0, 0.219766, 0.005564, 0.000581, 0.000436, 0.010558, 0.005285, 0.012495, 0.002551, 0.000148, 0.041188, 0.025853, 5.5e-05, 0.043991, 0.000126, 0.016631, 0.000356, 0.058168, 8e-05, 6e-06, 0.000235, 0.039569, 0.080885, 0.031645, 0.147731, 0.068672, 0.002692, 0.003681, 0.122153, 0.020823, 0.014489, 0.030618, 0.003982, 0.0, 0.074127, 0.006809, 0.030428, 0.020376, 0.006437, 0.022361, 0.005566, 0.000667, 0.021676, 0.000965, 0.001328, 0.031136, 0.0687], [0.006326, 0.010511, 0.052942, 0.219766, 0.0, 0.019928, 0.131183, 0.001077, 0.023633, 0.005971, 0.015559, 0.009227, 0.060374, 0.015101, 0.028227, 0.012574, 0.00525, 0.000695, 0.075203, 0.053197, 0.0392, 0.003939, 0.051593, 0.016966, 0.0058, 0.087268, 0.029997, 0.134486, 0.089177, 0.003197, 0.01725, 0.029588, 0.03133, 0.011149, 0.128589, 0.028493, 0.003391, 0.012407, 0.008398, 0.03912, 0.033806, 0.047451, 0.040693, 0.096435, 0.061346, 0.002886, 0.016853, 0.001238, 0.12052, 0.046639], [4.3e-05, 0.330657, 0.026799, 0.005564, 0.019928, 0.0, 0.036552, 0.044003, 0.031518, 0.060816, 0.032399, 0.00639, 0.004613, 0.004371, 0.014669, 0.000571, 0.002131, 0.00754, 0.004674, 0.043897, 0.024175, 0.002726, 0.199532, 0.005943, 0.014874, 0.000859, 0.044505, 0.045043, 0.137602, 0.058294, 0.092745, 0.003517, 0.322915, 0.005687, 0.031686, 0.001831, 0.119597, 0.045245, 0.048514, 0.023664, 0.064692, 0.039317, 0.207457, 0.003793, 0.10251, 0.000125, 5.5e-05, 0.006331, 0.003365, 0.014322], [0.022238, 0.002151, 0.001564, 0.000581, 0.131183, 0.036552, 0.0, 0.015685, 0.004846, 0.00266, 7.7e-05, 0.032795, 0.302692, 0.000377, 0.019053, 0.01415, 0.120395, 0.04787, 0.089999, 0.001359, 0.066985, 0.002018, 0.028439, 0.000228, 0.004845, 0.096431, 0.009184, 0.001467, 0.074048, 0.012159, 0.002418, 0.092783, 0.013561, 0.010647, 0.090836, 0.006442, 0.005713, 0.001009, 0.012612, 0.041228, 0.031911, 0.002548, 0.15522, 0.017309, 0.126905, 0.016693, 0.017163, 0.011557, 3.1e-05, 0.004315], [0.031262, 0.000148, 0.013125, 0.000436, 0.001077, 0.044003, 0.015685, 0.0, 0.014735, 0.002372, 0.001976, 0.011599, 0.004016, 0.025692, 0.018453, 0.007558, 0.001332, 0.000411, 0.006157, 0.0, 0.0007, 0.029048, 0.050284, 0.050672, 0.02211, 0.012281, 0.008871, 0.046652, 0.063958, 0.011373, 0.021285, 0.003009, 0.019244, 0.012143, 0.000457, 0.086216, 0.125395, 0.026758, 0.000138, 0.00435, 0.023614, 0.003322, 0.031056, 0.001676, 0.013504, 0.03871, 0.04659, 1e-05, 0.001271, 0.000335], [0.051455, 0.000974, 0.014294, 0.010558, 0.023633, 0.031518, 0.004846, 0.014735, 0.0, 0.039514, 0.030192, 0.132009, 0.056812, 0.00011, 0.001307, 0.000257, 0.021473, 0.000163, 3.5e-05, 0.019178, 0.000961, 0.036563, 0.00338, 0.020096, 0.031797, 0.00816, 0.009173, 0.002025, 0.079836, 0.004764, 0.001514, 0.026208, 0.013223, 2.2e-05, 0.056452, 0.00433, 0.006033, 0.001197, 0.026678, 0.012383, 0.00953, 0.000618, 0.021552, 0.033785, 0.001399, 0.030696, 0.003315, 0.000851, 0.000959, 0.027687], [0.00687, 0.039022, 0.036237, 0.005285, 0.005971, 0.060816, 0.00266, 0.002372, 0.039514, 0.0, 0.001551, 0.010739, 0.009236, 0.016012, 0.075559, 0.012828, 0.029028, 0.179087, 0.036197, 0.018382, 8e-06, 0.007507, 0.333043, 0.005114, 0.030308, 0.000492, 0.009951, 0.027128, 0.025015, 0.011096, 0.022094, 5.2e-05, 0.145711, 0.000457, 0.002748, 0.00758, 0.069734, 0.045278, 0.001247, 0.007632, 0.000332, 0.043, 0.021, 0.004447, 0.004275, 0.026513, 0.03885, 1.6e-05, 0.198984, 0.012777], [0.001572, 0.008493, 0.033594, 0.012495, 0.015559, 0.032399, 7.7e-05, 0.001976, 0.030192, 0.001551, 0.0, 0.140727, 0.023219, 0.007035, 0.029258, 0.00084, 0.128273, 0.004269, 0.173815, 0.021688, 0.005871, 0.197594, 0.003451, 0.032849, 0.285524, 0.042549, 0.0018, 0.013661, 0.022598, 0.15769, 0.0, 0.025114, 0.001744, 0.016837, 0.027751, 0.000534, 0.003755, 0.043838, 0.067431, 0.010788, 0.007408, 0.140395, 0.001191, 0.083214, 0.009286, 0.073002, 0.009052, 0.000856, 0.00079, 0.01875], [0.025528, 0.001285, 0.039235, 0.002551, 0.009227, 0.00639, 0.032795, 0.011599, 0.132009, 0.010739, 0.140727, 0.0, 0.035634, 0.015618, 0.000902, 0.010806, 0.151152, 0.001144, 0.033938, 0.092596, 0.035377, 0.110711, 0.002338, 0.007739, 0.083337, 0.01979, 0.082449, 0.019044, 0.025816, 0.157833, 0.002649, 0.039141, 0.024223, 0.001177, 0.010945, 0.000532, 0.004338, 0.076258, 0.112617, 0.009249, 0.066319, 0.00018, 0.000765, 0.003311, 0.000855, 0.093358, 0.012944, 0.012088, 0.001997, 0.002464], [0.101873, 0.006906, 0.009534, 0.000148, 0.060374, 0.004613, 0.302692, 0.004016, 0.056812, 0.009236, 0.023219, 0.035634, 0.0, 0.001638, 0.007672, 0.041727, 0.040351, 0.00328, 0.003294, 0.005655, 0.008264, 0.018129, 0.039195, 0.136674, 0.036579, 0.030652, 0.056458, 0.001331, 0.009887, 0.034967, 0.016159, 0.055268, 0.036874, 0.005397, 0.205639, 0.039365, 0.004959, 2.2e-05, 0.023846, 0.04001, 0.059864, 0.063118, 0.070738, 0.004267, 0.02558, 8.2e-05, 0.027298, 0.089604, 0.004792, 0.035178], [0.007103, 0.055545, 0.09165, 0.041188, 0.015101, 0.004371, 0.000377, 0.025692, 0.00011, 0.016012, 0.007035, 0.015618, 0.001638, 0.0, 0.011819, 0.058869, 0.008427, 0.024249, 0.012673, 0.021951, 0.005794, 0.001013, 0.000114, 2e-06, 0.036303, 0.002674, 0.00134, 0.107541, 0.009307, 0.201451, 0.097785, 0.036344, 0.000157, 0.187823, 0.016513, 0.001654, 0.004401, 0.016434, 0.000645, 0.030412, 0.033714, 0.000623, 0.069483, 0.070554, 0.003295, 0.072646, 0.01163, 0.003083, 0.001474, 0.014066], [9e-06, 0.046396, 0.011204, 0.025853, 0.028227, 0.014669, 0.019053, 0.018453, 0.001307, 0.075559, 0.029258, 0.000902, 0.007672, 0.011819, 0.0, 0.018715, 0.022523, 0.163395, 0.016996, 0.000552, 0.0124, 0.002724, 0.000494, 0.007236, 0.056673, 0.111556, 0.078318, 0.125293, 0.010929, 0.001916, 0.012099, 0.00343, 0.023458, 0.006876, 1.8e-05, 0.098922, 0.000351, 0.000291, 0.093652, 0.07096, 0.000172, 0.166858, 0.000187, 0.035344, 0.000873, 0.048761, 0.009353, 0.001582, 0.03355, 0.020166], [0.019934, 0.006473, 0.000921, 5.5e-05, 0.012574, 0.000571, 0.01415, 0.007558, 0.000257, 0.012828, 0.00084, 0.010806, 0.041727, 0.058869, 0.018715, 0.0, 0.005866, 0.003862, 0.000242, 0.031038, 0.000461, 0.011402, 0.025901, 0.02323, 0.040177, 0.007982, 0.263286, 0.049479, 0.027582, 0.037083, 0.007412, 0.117255, 0.014747, 0.000145, 0.123095, 0.046574, 0.015683, 0.000221, 0.012531, 0.026966, 0.014221, 5.5e-05, 0.021702, 0.008017, 0.00198, 0.000546, 0.014542, 0.000898, 0.024558, 0.080685], [0.043675, 0.02688, 0.000371, 0.043991, 0.00525, 0.002131, 0.120395, 0.001332, 0.021473, 0.029028, 0.128273, 0.151152, 0.040351, 0.008427, 0.022523, 0.005866, 0.0, 0.05206, 0.107229, 0.008403, 0.011009, 0.010706, 1.4e-05, 0.05014, 0.00449, 0.011257, 0.045294, 0.00524, 0.03011, 0.013502, 0.031058, 0.000664, 0.05616, 0.026103, 0.01869, 0.042453, 0.000834, 0.001894, 0.002444, 0.059957, 0.004131, 0.005161, 0.00225, 0.087308, 0.039523, 0.001018, 0.005313, 0.01365, 0.000219, 0.005461], [0.000143, 0.002015, 0.008391, 0.000126, 0.000695, 0.00754, 0.04787, 0.000411, 0.000163, 0.179087, 0.004269, 0.001144, 0.00328, 0.024249, 0.163395, 0.003862, 0.05206, 0.0, 0.032684, 0.060573, 0.089159, 0.01729, 0.019927, 0.056613, 0.000158, 0.27683, 0.011132, 0.006667, 0.041919, 0.012814, 8e-05, 0.003577, 0.003607, 0.01267, 0.042031, 0.009872, 0.1013, 0.012089, 0.013039, 0.076313, 0.020455, 0.00701, 0.014028, 0.0079, 0.026028, 7.5e-05, 0.000247, 0.068035, 0.054417, 0.000268], [0.000189, 0.038069, 0.000558, 0.016631, 0.075203, 0.004674, 0.089999, 0.006157, 3.5e-05, 0.036197, 0.173815, 0.033938, 0.003294, 0.012673, 0.016996, 0.000242, 0.107229, 0.032684, 0.0, 0.003963, 0.005054, 0.041534, 0.006446, 0.09758, 0.015944, 0.018533, 0.000715, 0.020968, 0.001053, 0.018249, 0.008849, 0.011897, 0.001173, 0.124519, 0.0, 0.004348, 0.007339, 2.6e-05, 0.01512, 0.010797, 0.002368, 0.179203, 0.009428, 0.28451, 0.000187, 0.00106, 0.042746, 0.032812, 0.062402, 0.004382], [0.022574, 0.004506, 0.011607, 0.000356, 0.053197, 0.043897, 0.001359, 0.0, 0.019178, 0.018382, 0.021688, 0.092596, 0.005655, 0.021951, 0.000552, 0.031038, 0.008403, 0.060573, 0.003963, 0.0, 0.033329, 0.04248, 0.005781, 0.077995, 0.048931, 0.025041, 0.065489, 0.000585, 0.067332, 0.241911, 0.000306, 0.129644, 0.033125, 0.009673, 0.019546, 0.004216, 0.013327, 0.020692, 0.028218, 0.016752, 0.006628, 0.008713, 0.004433, 0.003792, 0.218508, 0.030912, 0.000181, 0.001211, 0.000943, 0.053033], [0.083026, 0.081009, 0.017009, 0.058168, 0.0392, 0.024175, 0.066985, 0.0007, 0.000961, 8e-06, 0.005871, 0.035377, 0.008264, 0.005794, 0.0124, 0.000461, 0.011009, 0.089159, 0.005054, 0.033329, 0.0, 0.00702, 0.018264, 0.002179, 0.008332, 0.070294, 3.5e-05, 0.042899, 0.099939, 0.017182, 0.013871, 0.000395, 0.091818, 0.000519, 0.011567, 0.013936, 0.046324, 0.163427, 0.027165, 0.031155, 0.06135, 0.002868, 0.007364, 0.017522, 0.025814, 0.012441, 0.014837, 0.001027, 0.002401, 2.5e-05], [0.001987, 0.001984, 0.014611, 8e-05, 0.003939, 0.002726, 0.002018, 0.029048, 0.036563, 0.007507, 0.197594, 0.110711, 0.018129, 0.001013, 0.002724, 0.011402, 0.010706, 0.01729, 0.041534, 0.04248, 0.00702, 0.0, 0.012121, 0.009663, 0.174688, 0.000277, 0.022986, 0.00178, 0.015828, 0.135282, 0.000194, 0.006279, 0.005705, 0.012863, 0.037668, 0.034237, 0.040714, 0.040426, 0.174987, 0.034776, 0.025072, 0.000887, 0.007809, 0.030896, 0.097797, 0.075316, 0.040985, 0.000196, 0.050729, 0.02979], [0.010969, 0.063664, 0.000632, 6e-06, 0.051593, 0.199532, 0.028439, 0.050284, 0.00338, 0.333043, 0.003451, 0.002338, 0.039195, 0.000114, 0.000494, 0.025901, 1.4e-05, 0.019927, 0.006446, 0.005781, 0.018264, 0.012121, 0.0, 0.001498, 0.045084, 0.01402, 0.015794, 0.006262, 0.053433, 0.023613, 0.000114, 0.007172, 0.253785, 0.012943, 0.000484, 0.000304, 0.175534, 0.02465, 0.012884, 0.026722, 0.014543, 0.01263, 0.11644, 0.003225, 0.023984, 2e-06, 0.046173, 0.003229, 0.16387, 0.005395], [0.017943, 0.014114, 0.003088, 0.000235, 0.016966, 0.005943, 0.000228, 0.050672, 0.020096, 0.005114, 0.032849, 0.007739, 0.136674, 2e-06, 0.007236, 0.02323, 0.05014, 0.056613, 0.09758, 0.077995, 0.002179, 0.009663, 0.001498, 0.0, 0.000466, 0.014031, 0.010111, 0.009436, 0.000711, 0.000157, 0.048885, 0.008961, 0.015786, 0.004306, 0.024904, 0.051111, 0.012541, 0.038333, 0.021388, 0.020074, 0.152241, 0.103181, 0.020614, 0.067698, 0.073075, 0.089802, 0.003033, 0.164547, 0.060822, 0.061843], [0.001756, 0.003055, 0.156045, 0.039569, 0.0058, 0.014874, 0.004845, 0.02211, 0.031797, 0.030308, 0.285524, 0.083337, 0.036579, 0.036303, 0.056673, 0.040177, 0.00449, 0.000158, 0.015944, 0.048931, 0.008332, 0.174688, 0.045084, 0.000466, 0.0, 0.007881, 0.017807, 0.041263, 2.7e-05, 0.147878, 0.043556, 0.010983, 3.5e-05, 0.003982, 0.000664, 3e-06, 0.002998, 0.236213, 0.03098, 2.6e-05, 0.029806, 0.073582, 0.005158, 0.030243, 0.021575, 0.181394, 0.07232, 0.001673, 0.020334, 0.009169], [0.003385, 0.003513, 0.026289, 0.080885, 0.087268, 0.000859, 0.096431, 0.012281, 0.00816, 0.000492, 0.042549, 0.01979, 0.030652, 0.002674, 0.111556, 0.007982, 0.011257, 0.27683, 0.018533, 0.025041, 0.070294, 0.000277, 0.01402, 0.014031, 0.007881, 0.0, 0.094382, 0.025585, 0.230007, 0.050058, 0.02054, 0.02141, 0.023197, 0.005051, 0.0, 0.002489, 0.00067, 0.001792, 0.001804, 0.006967, 0.022137, 0.001227, 0.00017, 0.084137, 0.019943, 0.026432, 0.067724, 0.174459, 0.021056, 0.004749], [0.006589, 0.011526, 0.001513, 0.031645, 0.029997, 0.044505, 0.009184, 0.008871, 0.009173, 0.009951, 0.0018, 0.082449, 0.056458, 0.00134, 0.078318, 0.263286, 0.045294, 0.011132, 0.000715, 0.065489, 3.5e-05, 0.022986, 0.015794, 0.010111, 0.017807, 0.094382, 0.0, 0.068095, 0.013316, 0.03058, 0.000174, 0.158985, 0.066933, 0.001696, 0.006004, 0.012965, 0.009973, 0.000776, 0.001951, 6.3e-05, 0.023348, 0.001018, 0.001039, 0.083293, 0.000246, 0.001602, 0.008889, 0.032608, 0.003151, 0.008176], [0.055312, 0.051881, 0.097449, 0.147731, 0.134486, 0.045043, 0.001467, 0.046652, 0.002025, 0.027128, 0.013661, 0.019044, 0.001331, 0.107541, 0.125293, 0.049479, 0.00524, 0.006667, 0.020968, 0.000585, 0.042899, 0.00178, 0.006262, 0.009436, 0.041263, 0.025585, 0.068095, 0.0, 0.014555, 0.066657, 0.01571, 0.013658, 0.003228, 0.003265, 0.008749, 0.243879, 0.003278, 0.007564, 0.0, 0.04196, 0.018155, 0.14264, 0.051395, 0.011248, 0.008185, 0.051374, 0.03088, 0.002859, 0.024393, 0.026138], [0.001549, 0.111752, 0.010236, 0.068672, 0.089177, 0.137602, 0.074048, 0.063958, 0.079836, 0.025015, 0.022598, 0.025816, 0.009887, 0.009307, 0.010929, 0.027582, 0.03011, 0.041919, 0.001053, 0.067332, 0.099939, 0.015828, 0.053433, 0.000711, 2.7e-05, 0.230007, 0.013316, 0.014555, 0.0, 0.078546, 0.017049, 0.025568, 0.121089, 0.00311, 0.036346, 0.030541, 0.00432, 0.013874, 0.008825, 0.001498, 0.020584, 0.003635, 0.088121, 0.017127, 0.055561, 0.038499, 0.146752, 0.022042, 0.003056, 0.011017], [0.048882, 0.139596, 0.049079, 0.002692, 0.003197, 0.058294, 0.012159, 0.011373, 0.004764, 0.011096, 0.15769, 0.157833, 0.034967, 0.201451, 0.001916, 0.037083, 0.013502, 0.012814, 0.018249, 0.241911, 0.017182, 0.135282, 0.023613, 0.000157, 0.147878, 0.050058, 0.03058, 0.066657, 0.078546, 0.0, 0.009452, 0.058693, 0.148609, 0.02321, 0.02197, 0.015445, 0.001993, 0.002768, 0.022422, 0.015746, 0.022691, 0.03618, 0.047767, 0.000528, 0.04732, 0.120849, 0.006426, 0.000796, 0.003083, 0.054782], [0.015692, 0.117512, 0.052206, 0.003681, 0.01725, 0.092745, 0.002418, 0.021285, 0.001514, 0.022094, 0.0, 0.002649, 0.016159, 0.097785, 0.012099, 0.007412, 0.031058, 8e-05, 0.008849, 0.000306, 0.013871, 0.000194, 0.000114, 0.048885, 0.043556, 0.02054, 0.000174, 0.01571, 0.017049, 0.009452, 0.0, 0.005099, 0.001745, 0.022836, 0.000641, 0.002797, 0.064101, 0.027362, 1.1e-05, 0.007117, 0.069559, 0.01434, 0.204344, 0.006849, 0.00794, 0.007, 0.063713, 0.010713, 0.040943, 0.001272], [0.027405, 5.5e-05, 0.024889, 0.122153, 0.029588, 0.003517, 0.092783, 0.003009, 0.026208, 5.2e-05, 0.025114, 0.039141, 0.055268, 0.036344, 0.00343, 0.117255, 0.000664, 0.003577, 0.011897, 0.129644, 0.000395, 0.006279, 0.007172, 0.008961, 0.010983, 0.02141, 0.158985, 0.013658, 0.025568, 0.058693, 0.005099, 0.0, 0.026142, 0.082541, 0.072522, 0.016954, 0.027373, 0.000144, 0.000624, 0.011488, 0.001242, 0.002232, 0.016883, 0.001873, 0.011868, 0.001454, 4.5e-05, 9e-06, 0.000187, 0.03167], [0.00099, 0.376807, 6.8e-05, 0.020823, 0.03133, 0.322915, 0.013561, 0.019244, 0.013223, 0.145711, 0.001744, 0.024223, 0.036874, 0.000157, 0.023458, 0.014747, 0.05616, 0.003607, 0.001173, 0.033125, 0.091818, 0.005705, 0.253785, 0.015786, 3.5e-05, 0.023197, 0.066933, 0.003228, 0.121089, 0.148609, 0.001745, 0.026142, 0.0, 0.018676, 0.038992, 0.023439, 0.027797, 0.116579, 0.074972, 0.036338, 0.115189, 0.00423, 0.018805, 0.015252, 0.000186, 0.020731, 0.016877, 0.009425, 0.025451, 0.042729], [0.000456, 0.003473, 0.036334, 0.014489, 0.011149, 0.005687, 0.010647, 0.012143, 2.2e-05, 0.000457, 0.016837, 0.001177, 0.005397, 0.187823, 0.006876, 0.000145, 0.026103, 0.01267, 0.124519, 0.009673, 0.000519, 0.012863, 0.012943, 0.004306, 0.003982, 0.005051, 0.001696, 0.003265, 0.00311, 0.02321, 0.022836, 0.082541, 0.018676, 0.0, 0.005621, 0.077542, 3.7e-05, 0.001253, 0.024144, 0.016358, 0.05779, 0.049977, 0.029749, 0.096238, 0.081499, 0.00234, 0.096957, 0.00256, 0.029349, 0.029547], [0.017591, 0.010484, 0.037802, 0.030618, 0.128589, 0.031686, 0.090836, 0.000457, 0.056452, 0.002748, 0.027751, 0.010945, 0.205639, 0.016513, 1.8e-05, 0.123095, 0.01869, 0.042031, 0.0, 0.019546, 0.011567, 0.037668, 0.000484, 0.024904, 0.000664, 0.0, 0.006004, 0.008749, 0.036346, 0.02197, 0.000641, 0.072522, 0.038992, 0.005621, 0.0, 0.056728, 0.00404, 3e-06, 0.010455, 0.086939, 0.106905, 0.000274, 0.023312, 0.004383, 0.050556, 0.00011, 0.018184, 0.057828, 0.000392, 0.02565], [0.002748, 0.000221, 0.010163, 0.003982, 0.028493, 0.001831, 0.006442, 0.086216, 0.00433, 0.00758, 0.000534, 0.000532, 0.039365, 0.001654, 0.098922, 0.046574, 0.042453, 0.009872, 0.004348, 0.004216, 0.013936, 0.034237, 0.000304, 0.051111, 3e-06, 0.002489, 0.012965, 0.243879, 0.030541, 0.015445, 0.002797, 0.016954, 0.023439, 0.077542, 0.056728, 0.0, 0.001383, 0.000106, 0.005568, 9.9e-05, 0.007795, 0.016233, 7.4e-05, 0.007011, 0.020468, 0.029175, 0.026202, 0.071232, 0.001837, 0.10461], [0.002385, 0.029952, 0.064091, 0.0, 0.003391, 0.119597, 0.005713, 0.125395, 0.006033, 0.069734, 0.003755, 0.004338, 0.004959, 0.004401, 0.000351, 0.015683, 0.000834, 0.1013, 0.007339, 0.013327, 0.046324, 0.040714, 0.175534, 0.012541, 0.002998, 0.00067, 0.009973, 0.003278, 0.00432, 0.001993, 0.064101, 0.027373, 0.027797, 3.7e-05, 0.00404, 0.001383, 0.0, 0.022828, 0.002054, 0.019921, 0.0, 0.076836, 0.061415, 0.000139, 0.02106, 0.009353, 0.000915, 0.005197, 0.045888, 0.001184], [0.034484, 0.09674, 0.070684, 0.074127, 0.012407, 0.045245, 0.001009, 0.026758, 0.001197, 0.045278, 0.043838, 0.076258, 2.2e-05, 0.016434, 0.000291, 0.000221, 0.001894, 0.012089, 2.6e-05, 0.020692, 0.163427, 0.040426, 0.02465, 0.038333, 0.236213, 0.001792, 0.000776, 0.007564, 0.013874, 0.002768, 0.027362, 0.000144, 0.116579, 0.001253, 3e-06, 0.000106, 0.022828, 0.0, 0.01121, 0.006378, 0.121034, 0.000956, 0.0, 0.00104, 0.010215, 0.105647, 0.035773, 0.013227, 0.032742, 0.003984], [0.011236, 0.115085, 0.003163, 0.006809, 0.008398, 0.048514, 0.012612, 0.000138, 0.026678, 0.001247, 0.067431, 0.112617, 0.023846, 0.000645, 0.093652, 0.012531, 0.002444, 0.013039, 0.01512, 0.028218, 0.027165, 0.174987, 0.012884, 0.021388, 0.03098, 0.001804, 0.001951, 0.0, 0.008825, 0.022422, 1.1e-05, 0.000624, 0.074972, 0.024144, 0.010455, 0.005568, 0.002054, 0.01121, 0.0, 0.112364, 0.064425, 0.012455, 0.001362, 0.011683, 0.038564, 0.18097, 0.030161, 0.048421, 0.077575, 0.00171], [0.006696, 0.108115, 0.061378, 0.030428, 0.03912, 0.023664, 0.041228, 0.00435, 0.012383, 0.007632, 0.010788, 0.009249, 0.04001, 0.030412, 0.07096, 0.026966, 0.059957, 0.076313, 0.010797, 0.016752, 0.031155, 0.034776, 0.026722, 0.020074, 2.6e-05, 0.006967, 6.3e-05, 0.04196, 0.001498, 0.015746, 0.007117, 0.011488, 0.036338, 0.016358, 0.086939, 9.9e-05, 0.019921, 0.006378, 0.112364, 0.0, 0.006749, 0.041899, 0.024011, 0.016622, 0.003021, 0.010174, 0.011093, 0.030972, 0.085951, 0.006707], [0.001995, 0.095711, 0.035477, 0.020376, 0.033806, 0.064692, 0.031911, 0.023614, 0.00953, 0.000332, 0.007408, 0.066319, 0.059864, 0.033714, 0.000172, 0.014221, 0.004131, 0.020455, 0.002368, 0.006628, 0.06135, 0.025072, 0.014543, 0.152241, 0.029806, 0.022137, 0.023348, 0.018155, 0.020584, 0.022691, 0.069559, 0.001242, 0.115189, 0.05779, 0.106905, 0.007795, 0.0, 0.121034, 0.064425, 0.006749, 0.0, 0.001508, 0.060439, 0.004753, 0.000464, 0.096551, 0.000171, 0.174664, 0.008906, 0.133701], [0.049061, 7.3e-05, 0.161394, 0.006437, 0.047451, 0.039317, 0.002548, 0.003322, 0.000618, 0.043, 0.140395, 0.00018, 0.063118, 0.000623, 0.166858, 5.5e-05, 0.005161, 0.00701, 0.179203, 0.008713, 0.002868, 0.000887, 0.01263, 0.103181, 0.073582, 0.001227, 0.001018, 0.14264, 0.003635, 0.03618, 0.01434, 0.002232, 0.00423, 0.049977, 0.000274, 0.016233, 0.076836, 0.000956, 0.012455, 0.041899, 0.001508, 0.0, 0.001511, 0.053655, 0.001338, 0.06212, 0.007955, 0.019363, 0.030238, 0.012748], [0.020165, 0.037128, 0.000702, 0.022361, 0.040693, 0.207457, 0.15522, 0.031056, 0.021552, 0.021, 0.001191, 0.000765, 0.070738, 0.069483, 0.000187, 0.021702, 0.00225, 0.014028, 0.009428, 0.004433, 0.007364, 0.007809, 0.11644, 0.020614, 0.005158, 0.00017, 0.001039, 0.051395, 0.088121, 0.047767, 0.204344, 0.016883, 0.018805, 0.029749, 0.023312, 7.4e-05, 0.061415, 0.0, 0.001362, 0.024011, 0.060439, 0.001511, 0.0, 0.005661, 0.09388, 0.057467, 0.005072, 0.044835, 0.001402, 0.017854], [0.018942, 0.03162, 0.0278, 0.005566, 0.096435, 0.003793, 0.017309, 0.001676, 0.033785, 0.004447, 0.083214, 0.003311, 0.004267, 0.070554, 0.035344, 0.008017, 0.087308, 0.0079, 0.28451, 0.003792, 0.017522, 0.030896, 0.003225, 0.067698, 0.030243, 0.084137, 0.083293, 0.011248, 0.017127, 0.000528, 0.006849, 0.001873, 0.015252, 0.096238, 0.004383, 0.007011, 0.000139, 0.00104, 0.011683, 0.016622, 0.004753, 0.053655, 0.005661, 0.0, 0.014251, 0.063381, 0.062446, 0.148984, 0.091995, 0.003446], [0.009888, 0.003208, 0.076861, 0.000667, 0.061346, 0.10251, 0.126905, 0.013504, 0.001399, 0.004275, 0.009286, 0.000855, 0.02558, 0.003295, 0.000873, 0.00198, 0.039523, 0.026028, 0.000187, 0.218508, 0.025814, 0.097797, 0.023984, 0.073075, 0.021575, 0.019943, 0.000246, 0.008185, 0.055561, 0.04732, 0.00794, 0.011868, 0.000186, 0.081499, 0.050556, 0.020468, 0.02106, 0.010215, 0.038564, 0.003021, 0.000464, 0.001338, 0.09388, 0.014251, 0.0, 0.049942, 0.017297, 0.001936, 0.000439, 0.00633], [0.019732, 0.008505, 0.166634, 0.021676, 0.002886, 0.000125, 0.016693, 0.03871, 0.030696, 0.026513, 0.073002, 0.093358, 8.2e-05, 0.072646, 0.048761, 0.000546, 0.001018, 7.5e-05, 0.00106, 0.030912, 0.012441, 0.075316, 2e-06, 0.089802, 0.181394, 0.026432, 0.001602, 0.051374, 0.038499, 0.120849, 0.007, 0.001454, 0.020731, 0.00234, 0.00011, 0.029175, 0.009353, 0.105647, 0.18097, 0.010174, 0.096551, 0.06212, 0.057467, 0.063381, 0.049942, 0.0, 0.040712, 0.073778, 0.061211, 0.089358], [0.028357, 0.002099, 0.234524, 0.000965, 0.016853, 5.5e-05, 0.017163, 0.04659, 0.003315, 0.03885, 0.009052, 0.012944, 0.027298, 0.01163, 0.009353, 0.014542, 0.005313, 0.000247, 0.042746, 0.000181, 0.014837, 0.040985, 0.046173, 0.003033, 0.07232, 0.067724, 0.008889, 0.03088, 0.146752, 0.006426, 0.063713, 4.5e-05, 0.016877, 0.096957, 0.018184, 0.026202, 0.000915, 0.035773, 0.030161, 0.011093, 0.000171, 0.007955, 0.005072, 0.062446, 0.017297, 0.040712, 0.0, 0.006306, 0.022467, 0.000456], [0.019827, 0.000801, 0.010407, 0.001328, 0.001238, 0.006331, 0.011557, 1e-05, 0.000851, 1.6e-05, 0.000856, 0.012088, 0.089604, 0.003083, 0.001582, 0.000898, 0.01365, 0.068035, 0.032812, 0.001211, 0.001027, 0.000196, 0.003229, 0.164547, 0.001673, 0.174459, 0.032608, 0.002859, 0.022042, 0.000796, 0.010713, 9e-06, 0.009425, 0.00256, 0.057828, 0.071232, 0.005197, 0.013227, 0.048421, 0.030972, 0.174664, 0.019363, 0.044835, 0.148984, 0.001936, 0.073778, 0.006306, 0.0, 0.106819, 0.049876], [0.054889, 0.006344, 4e-06, 0.031136, 0.12052, 0.003365, 3.1e-05, 0.001271, 0.000959, 0.198984, 0.00079, 0.001997, 0.004792, 0.001474, 0.03355, 0.024558, 0.000219, 0.054417, 0.062402, 0.000943, 0.002401, 0.050729, 0.16387, 0.060822, 0.020334, 0.021056, 0.003151, 0.024393, 0.003056, 0.003083, 0.040943, 0.000187, 0.025451, 0.029349, 0.000392, 0.001837, 0.045888, 0.032742, 0.077575, 0.085951, 0.008906, 0.030238, 0.001402, 0.091995, 0.000439, 0.061211, 0.022467, 0.106819, 0.0, 0.000986], [0.011212, 8.8e-05, 0.032972, 0.0687, 0.046639, 0.014322, 0.004315, 0.000335, 0.027687, 0.012777, 0.01875, 0.002464, 0.035178, 0.014066, 0.020166, 0.080685, 0.005461, 0.000268, 0.004382, 0.053033, 2.5e-05, 0.02979, 0.005395, 0.061843, 0.009169, 0.004749, 0.008176, 0.026138, 0.011017, 0.054782, 0.001272, 0.03167, 0.042729, 0.029547, 0.02565, 0.10461, 0.001184, 0.003984, 0.00171, 0.006707, 0.133701, 0.012748, 0.017854, 0.003446, 0.00633, 0.089358, 0.000456, 0.049876, 0.000986, 0.0]]029581, 0.029481, 0.002958, 5e-05, 0.099596, 0.001636, 0.024452, 0.000143, 0.0]]