[[0.0, 0.242065, 1.57893, 2.018336, 1.861262, 0.381557, 0.336556, 0.000396, 0.014092, 0.021224, 4e-05, 0.001229, 7.5e-05, 0.002786, 0.008067, 0.255273, 0.3161, 0.02645, 0.244203, 0.284779, 0.007674, 0.003519, 0.052539, 0.002826, 0.0445, 0.004629, 0.002307, 0.053664, 0.000999, 0.077313, 0.005047, 0.062394, 0.00215, 0.026171, 0.025042, 0.000482, 0.000337, 0.010322, 0.000169, 0.001486, 0.187287, 0.190358, 0.009102, 0.025918, 0.015509, 0.001651, 0.085878, 0.011651, 0.004354, 0.085597], [0.242065, 0.0, 0.1631, 0.158068, 0.14235, 0.112953, 0.129168, 0.003726, 5.9e-05, 0.002073, 5e-06, 0.002216, 1e-06, 0.007686, 0.03699, 0.132005, 0.055665, 0.026315, 0.046115, 0.04891, 0.010995, 0.008021, 0.015425, 0.051138, 0.003013, 0.021088, 0.024108, 0.147411, 0.035026, 0.005963, 0.00842, 0.017775, 0.00598, 0.093913, 0.012549, 0.003164, 0.019749, 0.05506, 0.019006, 0.006148, 0.053165, 0.037366, 0.004551, 0.037994, 0.009998, 9e-06, 0.102039, 0.033673, 0.006607, 0.107405], [1.57893, 0.1631, 0.0, 1.768208, 1.505803, 0.360481, 0.310988, 0.000437, 0.012781, 0.017519, 0.003173, 0.005546, 0.001686, 0.000203, 4.1e-05, 0.201402, 0.264689, 0.016529, 0.197502, 0.234345, 0.015119, 0.001608, 0.051247, 0.00272, 0.022256, 0.00057, 1.3e-05, 0.033502, 0.00219, 0.088976, 0.015246, 0.057933, 0.005212, 0.017191, 0.033877, 0.0, 8e-06, 0.017577, 4e-05, 0.000756, 0.210793, 0.226113, 0.007401, 0.012487, 0.017514, 0.001531, 0.070479, 0.015634, 0.003631, 0.075011], [2.018336, 0.158068, 1.768208, 0.0, 2.768545, 0.385551, 0.328106, 0.000216, 0.015441, 0.023036, 9.6e-05, 0.000987, 9e-06, 0.001433, 0.003833, 0.227731, 0.329428, 0.023452, 0.258257, 0.301021, 0.005573, 0.002039, 0.053406, 0.000872, 0.046388, 0.002421, 0.000668, 0.034766, 2e-06, 0.085047, 0.009015, 0.05923, 0.001328, 0.016637, 0.031933, 0.000956, 0.00217, 0.005116, 0.001694, 0.003732, 0.178, 0.191211, 0.012555, 0.021249, 0.017141, 0.003346, 0.077819, 0.007704, 0.008047, 0.076217], [1.861262, 0.14235, 1.505803, 2.768545, 0.0, 0.37636, 0.317704, 0.000212, 0.016626, 0.025187, 4e-06, 0.000446, 0.000266, 0.002697, 0.005796, 0.233123, 0.348967, 0.024997, 0.274016, 0.320488, 0.004145, 0.002239, 0.053922, 0.000332, 0.055927, 0.002839, 0.000846, 0.0353, 8e-05, 0.082863, 0.00723, 0.059843, 0.000847, 0.01529, 0.034211, 0.001878, 0.003358, 0.002572, 0.002934, 0.004375, 0.171595, 0.182879, 0.01109, 0.022094, 0.015198, 0.003211, 0.075244, 0.005582, 0.009844, 0.072333], [0.381557, 0.112953, 0.360481, 0.385551, 0.37636, 0.0, 1.422656, 0.002141, 0.00012, 0.00583, 0.003277, 0.001273, 0.004114, 0.013706, 0.019543, 0.477258, 0.440331, 0.105369, 0.501947, 0.469862, 0.002312, 0.000416, 0.009838, 0.001102, 0.051271, 0.004452, 0.007155, 0.085568, 0.015166, 0.174436, 0.000484, 0.009442, 2e-05, 0.025348, 0.000244, 0.018903, 0.002334, 0.052979, 0.032229, 0.013722, 0.241189, 0.217442, 0.000136, 0.095008, 0.168995, 0.000439, 0.102324, 0.031055, 0.024178, 0.128916], [0.336556, 0.129168, 0.310988, 0.328106, 0.317704, 1.422656, 0.0, 0.00816, 0.005427, 0.014744, 0.001828, 0.00088, 0.001285, 0.007734, 0.01087, 0.433674, 0.36882, 0.085937, 0.415175, 0.382861, 0.002859, 0.00224, 0.001736, 0.001299, 0.04457, 0.000362, 0.0013, 0.089367, 0.051591, 0.14462, 0.000865, 0.003205, 0.000305, 0.028984, 0.000393, 0.00446, 0.001852, 0.05973, 0.035227, 0.009919, 0.224301, 0.199782, 0.000882, 0.139336, 0.108365, 0.003334, 0.075561, 0.01302, 0.024616, 0.094731], [0.000396, 0.003726, 0.000437, 0.000216, 0.000212, 0.002141, 0.00816, 0.0, 0.083169, 0.002087, 0.052699, 0.073914, 0.049937, 0.037467, 0.007182, 0.000524, 0.031103, 0.000657, 0.007313, 0.02113, 0.028046, 0.02064, 0.086021, 0.014822, 0.000814, 0.01404, 0.022493, 0.036463, 0.021833, 0.031299, 0.001325, 0.000245, 0.006131, 0.05977, 0.03239, 0.018097, 0.001337, 0.111662, 0.014026, 0.000653, 0.000349, 0.000109, 0.000285, 0.026592, 0.024025, 0.045063, 0.000158, 0.084873, 0.008576, 0.002654], [0.014092, 5.9e-05, 0.012781, 0.015441, 0.016626, 0.00012, 0.005427, 0.083169, 0.0, 0.029984, 0.004105, 0.001927, 0.011368, 0.014206, 0.01826, 0.021047, 0.001491, 0.016509, 0.001457, 3.3e-05, 7.9e-05, 0.206566, 0.30614, 0.212834, 0.051523, 0.072046, 0.06542, 0.000279, 0.04226, 0.000641, 0.147918, 0.000245, 0.024402, 0.107058, 0.001212, 0.09231, 0.171957, 0.091035, 0.161616, 0.234416, 0.000405, 0.00193, 0.149387, 0.003704, 0.269876, 0.011061, 0.018907, 0.002773, 0.037864, 0.023346], [0.021224, 0.002073, 0.017519, 0.023036, 0.025187, 0.00583, 0.014744, 0.002087, 0.029984, 0.0, 0.072479, 0.072673, 0.052344, 0.049502, 0.045279, 0.050568, 0.017381, 0.039168, 0.020922, 0.010908, 0.0623, 0.155142, 0.014189, 0.029646, 0.096138, 0.006021, 0.001475, 0.004984, 0.003023, 0.000674, 0.00368, 0.00853, 0.003177, 0.032913, 0.000502, 0.008307, 0.092666, 0.060512, 0.193493, 0.149033, 0.044039, 0.034369, 0.032682, 0.066295, 0.108275, 0.077321, 0.001726, 0.015858, 0.208505, 2.6e-05], [4e-05, 5e-06, 0.003173, 9.6e-05, 4e-06, 0.003277, 0.001828, 0.052699, 0.004105, 0.072479, 0.0, 1.866863, 1.751011, 1.379132, 0.65658, 2.5e-05, 0.007232, 0.000588, 0.001025, 0.000772, 0.168708, 0.063055, 0.000205, 0.001021, 0.11402, 0.022018, 0.03051, 5.4e-05, 0.078818, 8e-06, 0.057301, 0.021837, 0.088669, 5e-06, 0.061421, 0.014479, 0.024325, 0.000286, 0.009941, 0.009898, 0.190817, 0.197545, 0.011674, 0.094887, 0.025672, 0.001773, 0.022249, 0.000483, 0.009056, 0.015626], [0.001229, 0.002216, 0.005546, 0.000987, 0.000446, 0.001273, 0.00088, 0.073914, 0.001927, 0.072673, 1.866863, 0.0, 1.285133, 0.942517, 0.443835, 0.001583, 0.016492, 0.000434, 0.005136, 0.005179, 0.162531, 0.065305, 7e-06, 0.005438, 0.114827, 0.020551, 0.029915, 0.006439, 0.07807, 0.000119, 0.025418, 0.019596, 0.082183, 5.4e-05, 0.042638, 0.004084, 0.029255, 6.9e-05, 0.011134, 0.015597, 0.195749, 0.188775, 0.013605, 0.078246, 0.018373, 0.003884, 0.011049, 1e-05, 0.01235, 0.005857], [7.5e-05, 1e-06, 0.001686, 9e-06, 0.000266, 0.004114, 0.001285, 0.049937, 0.011368, 0.052344, 1.751011, 1.285133, 0.0, 1.631892, 0.705548, 0.000336, 0.00295, 0.000394, 3.9e-05, 7e-06, 0.125093, 0.052051, 0.002776, 0.000682, 0.105524, 0.035802, 0.045844, 0.000167, 0.054987, 0.000631, 0.074373, 0.020489, 0.098506, 0.000871, 0.052785, 0.027964, 0.014789, 0.00471, 0.002477, 0.00254, 0.147122, 0.162051, 0.003089, 0.108255, 0.040055, 0.00015, 0.028098, 0.00086, 0.005708, 0.021901], [0.002786, 0.007686, 0.000203, 0.001433, 0.002697, 0.013706, 0.007734, 0.037467, 0.014206, 0.049502, 1.379132, 0.942517, 1.631892, 0.0, 1.119134, 0.005664, 0.000117, 0.009542, 0.004022, 0.004572, 0.14407, 0.046331, 0.003696, 0.000673, 0.107091, 0.030409, 0.038319, 0.008664, 0.069726, 0.001515, 0.127173, 0.021555, 0.090747, 0.00017, 0.079617, 0.048962, 0.012839, 0.003878, 0.00236, 0.000995, 0.126045, 0.1497, 0.005179, 0.137684, 0.053224, 0.00033, 0.050569, 0.001695, 0.001655, 0.042721], [0.008067, 0.03699, 4.1e-05, 0.003833, 0.005796, 0.019543, 0.01087, 0.007182, 0.01826, 0.045279, 0.65658, 0.443835, 0.705548, 1.119134, 0.0, 0.015161, 0.007351, 0.038215, 0.016696, 0.020374, 0.154632, 0.027064, 0.00349, 0.016408, 0.066225, 0.019056, 0.022266, 0.054299, 0.064543, 0.002389, 0.26442, 0.023789, 0.074056, 0.002604, 0.132304, 0.09415, 0.007052, 0.001005, 0.003952, 3e-06, 0.107723, 0.143467, 0.006194, 0.123511, 0.051627, 4.2e-05, 0.083155, 0.006241, 1.1e-05, 0.078463], [0.255273, 0.132005, 0.201402, 0.227731, 0.233123, 0.477258, 0.433674, 0.000524, 0.021047, 0.050568, 2.5e-05, 0.001583, 0.000336, 0.005664, 0.015161, 0.0, 0.335861, 0.141536, 0.320617, 0.306987, 0.000201, 0.047711, 0.086013, 0.017458, 0.019755, 6e-06, 2.7e-05, 0.100252, 0.039825, 0.027927, 0.009061, 0.051443, 0.000137, 0.000869, 0.012635, 0.000964, 0.050444, 0.034224, 0.054647, 0.05423, 0.197281, 0.161858, 0.025784, 0.052236, 0.169472, 0.058109, 0.068809, 0.004624, 0.074726, 0.091299], [0.3161, 0.055665, 0.264689, 0.329428, 0.348967, 0.440331, 0.36882, 0.031103, 0.001491, 0.017381, 0.007232, 0.016492, 0.00295, 0.000117, 0.007351, 0.335861, 0.0, 0.041461, 1.430355, 1.807736, 0.000597, 0.011818, 0.024714, 0.001615, 0.018591, 0.009508, 0.010121, 0.103355, 0.005811, 0.031119, 0.009619, 0.001996, 0.004348, 0.002262, 0.007079, 0.026211, 0.022202, 0.000679, 0.030656, 0.049419, 0.156584, 0.125665, 0.005109, 0.078242, 0.071106, 0.006482, 0.126277, 0.002927, 0.129596, 0.140452], [0.02645, 0.026315, 0.016529, 0.023452, 0.024997, 0.105369, 0.085937, 0.000657, 0.016509, 0.039168, 0.000588, 0.000434, 0.000394, 0.009542, 0.038215, 0.141536, 0.041461, 0.0, 0.056823, 0.062407, 0.000919, 0.015475, 0.029681, 0.038845, 0.000189, 0.000764, 5e-06, 0.055418, 0.009616, 0.039031, 0.113561, 0.032604, 0.12425, 0.10164, 6.7e-05, 0.14856, 1.4e-05, 0.002647, 1.7e-05, 0.008968, 0.038381, 0.034811, 0.001294, 0.018188, 0.156849, 0.004046, 0.018579, 0.045555, 0.130405, 0.034386], [0.244203, 0.046115, 0.197502, 0.258257, 0.274016, 0.501947, 0.415175, 0.007313, 0.001457, 0.020922, 0.001025, 0.005136, 3.9e-05, 0.004022, 0.016696, 0.320617, 1.430355, 0.056823, 0.0, 1.945222, 1.3e-05, 0.008416, 0.028152, 0.003235, 0.035699, 0.020046, 0.02231, 0.081042, 0.008337, 0.028237, 0.015762, 0.006456, 0.009903, 0.000535, 0.013271, 0.041038, 0.02275, 0.003396, 0.046311, 0.062353, 0.134169, 0.102245, 0.003536, 0.123383, 0.136598, 0.002504, 0.134752, 0.008509, 0.153834, 0.141994], [0.284779, 0.04891, 0.234345, 0.301021, 0.320488, 0.469862, 0.382861, 0.02113, 3.3e-05, 0.010908, 0.000772, 0.005179, 7e-06, 0.004572, 0.020374, 0.306987, 1.807736, 0.062407, 1.945222, 0.0, 5e-06, 0.005743, 0.025731, 0.00376, 0.031726, 0.019758, 0.021271, 0.097246, 0.005917, 0.025648, 0.01922, 0.006088, 0.004549, 0.003976, 0.016677, 0.040551, 0.020751, 0.000338, 0.030951, 0.054061, 0.1218, 0.093487, 0.003192, 0.101942, 0.105778, 0.002536, 0.145121, 0.004104, 0.146899, 0.156937], [0.007674, 0.010995, 0.015119, 0.005573, 0.004145, 0.002312, 0.002859, 0.028046, 7.9e-05, 0.0623, 0.168708, 0.162531, 0.125093, 0.14407, 0.154632, 0.000201, 0.000597, 0.000919, 1.3e-05, 5e-06, 0.0, 0.002947, 0.01393, 0.005061, 0.007619, 0.014926, 0.024309, 0.002624, 0.130178, 1e-05, 0.03398, 0.019557, 0.096884, 0.0106, 0.035334, 0.001536, 0.093455, 0.01844, 0.107216, 0.079303, 0.131677, 0.127037, 0.089091, 0.006487, 0.00023, 0.000428, 0.012099, 0.011736, 0.000864, 0.007214], [0.003519, 0.008021, 0.001608, 0.002039, 0.002239, 0.000416, 0.00224, 0.02064, 0.206566, 0.155142, 0.063055, 0.065305, 0.052051, 0.046331, 0.027064, 0.047711, 0.011818, 0.015475, 0.008416, 0.005743, 0.002947, 0.0, 0.289554, 0.182161, 0.326368, 0.030013, 0.021845, 0.000152, 0.018048, 6.1e-05, 0.06264, 0.000103, 0.000115, 0.120948, 0.007674, 0.031838, 0.073785, 0.010872, 0.027971, 0.0774, 0.002835, 0.004097, 0.037236, 0.013058, 0.056375, 0.000169, 0.016376, 0.073379, 0.254789, 0.020909], [0.052539, 0.015425, 0.051247, 0.053406, 0.053922, 0.009838, 0.001736, 0.086021, 0.30614, 0.014189, 0.000205, 7e-06, 0.002776, 0.003696, 0.00349, 0.086013, 0.024714, 0.029681, 0.028152, 0.025731, 0.01393, 0.289554, 0.0, 0.319338, 0.057346, 0.057428, 0.05137, 0.003955, 0.015702, 0.000654, 0.096887, 0.001519, 0.005918, 0.039889, 0.008235, 0.059473, 0.114799, 0.059123, 0.055828, 0.114956, 0.006412, 0.0062, 0.06766, 0.000475, 0.135701, 0.038584, 0.119138, 0.066382, 0.191553, 0.109637], [0.002826, 0.051138, 0.00272, 0.000872, 0.000332, 0.001102, 0.001299, 0.014822, 0.212834, 0.029646, 0.001021, 0.005438, 0.000682, 0.000673, 0.016408, 0.017458, 0.001615, 0.038845, 0.003235, 0.00376, 0.005061, 0.182161, 0.319338, 0.0, 0.183278, 0.036328, 0.024325, 0.072975, 0.000952, 0.012294, 0.24304, 0.047684, 0.003682, 0.034836, 0.053665, 0.045972, 0.221078, 0.065535, 0.07559, 0.18132, 0.017313, 0.027886, 0.020388, 0.008426, 0.079655, 0.002624, 0.119226, 0.049931, 0.142292, 0.126742], [0.0445, 0.003013, 0.022256, 0.046388, 0.055927, 0.051271, 0.04457, 0.000814, 0.051523, 0.096138, 0.11402, 0.114827, 0.105524, 0.107091, 0.066225, 0.019755, 0.018591, 0.000189, 0.035699, 0.031726, 0.007619, 0.326368, 0.057346, 0.183278, 0.0, 0.034829, 0.021155, 0.003934, 0.049383, 0.000876, 0.054023, 0.045606, 0.0456, 0.018982, 0.013837, 0.024536, 0.074112, 0.04445, 0.032313, 0.063971, 0.00212, 0.001576, 0.02362, 0.034392, 2.1e-05, 0.012628, 0.008216, 0.015022, 0.055821, 0.016271], [0.004629, 0.021088, 0.00057, 0.002421, 0.002839, 0.004452, 0.000362, 0.01404, 0.072046, 0.006021, 0.022018, 0.020551, 0.035802, 0.030409, 0.019056, 6e-06, 0.009508, 0.000764, 0.020046, 0.019758, 0.014926, 0.030013, 0.057428, 0.036328, 0.034829, 0.0, 2.323889, 0.002859, 0.010667, 0.019973, 0.074764, 0.161655, 0.004334, 0.000804, 0.094796, 0.02838, 0.050878, 0.069202, 0.059969, 0.079613, 0.005629, 0.012871, 0.00327, 0.0503, 0.183502, 0.000434, 0.162295, 0.05121, 0.12487, 0.169263], [0.002307, 0.024108, 1.3e-05, 0.000668, 0.000846, 0.007155, 0.0013, 0.022493, 0.06542, 0.001475, 0.03051, 0.029915, 0.045844, 0.038319, 0.022266, 2.7e-05, 0.010121, 5e-06, 0.02231, 0.021271, 0.024309, 0.021845, 0.05137, 0.024325, 0.021155, 2.323889, 0.0, 0.006105, 0.007837, 0.015072, 0.059644, 0.150551, 0.001169, 0.001773, 0.081005, 0.025546, 0.034885, 0.067323, 0.047844, 0.059524, 0.005443, 0.011963, 0.001032, 0.052096, 0.173167, 0.000106, 0.154712, 0.054065, 0.104516, 0.15587], [0.053664, 0.147411, 0.033502, 0.034766, 0.0353, 0.085568, 0.089367, 0.036463, 0.000279, 0.004984, 5.4e-05, 0.006439, 0.000167, 0.008664, 0.054299, 0.100252, 0.103355, 0.055418, 0.081042, 0.097246, 0.002624, 0.000152, 0.003955, 0.072975, 0.003934, 0.002859, 0.006105, 0.0, 0.082097, 0.047041, 0.193349, 0.046853, 0.0108, 0.011112, 0.13596, 0.064452, 0.037619, 0.076717, 0.02107, 0.046896, 0.009118, 0.000444, 0.021029, 0.054647, 0.005328, 0.005284, 0.227779, 0.007418, 0.012175, 0.283373], [0.000999, 0.035026, 0.00219, 2e-06, 8e-05, 0.015166, 0.051591, 0.021833, 0.04226, 0.003023, 0.078818, 0.07807, 0.054987, 0.069726, 0.064543, 0.039825, 0.005811, 0.009616, 0.008337, 0.005917, 0.130178, 0.018048, 0.015702, 0.000952, 0.049383, 0.010667, 0.007837, 0.082097, 0.0, 0.011979, 0.003004, 0.050679, 0.0246, 0.000138, 0.048685, 0.042103, 0.00127, 0.009363, 0.000965, 0.006386, 0.028319, 0.046934, 0.014618, 0.126219, 0.01463, 0.041958, 0.038822, 0.066439, 0.000551, 0.02625], [0.077313, 0.005963, 0.088976, 0.085047, 0.082863, 0.174436, 0.14462, 0.031299, 0.000641, 0.000674, 8e-06, 0.000119, 0.000631, 0.001515, 0.002389, 0.027927, 0.031119, 0.039031, 0.028237, 0.025648, 1e-05, 6.1e-05, 0.000654, 0.012294, 0.000876, 0.019973, 0.015072, 0.047041, 0.011979, 0.0, 0.006931, 0.022821, 0.000655, 0.000541, 0.016593, 0.205838, 0.042378, 0.056345, 0.000201, 0.004382, 0.106922, 0.123136, 0.003944, 0.000132, 0.006752, 0.078755, 0.001751, 0.102648, 0.003845, 0.006502], [0.005047, 0.00842, 0.015246, 0.009015, 0.00723, 0.000484, 0.000865, 0.001325, 0.147918, 0.00368, 0.057301, 0.025418, 0.074373, 0.127173, 0.26442, 0.009061, 0.009619, 0.113561, 0.015762, 0.01922, 0.03398, 0.06264, 0.096887, 0.24304, 0.054023, 0.074764, 0.059644, 0.193349, 0.003004, 0.006931, 0.0, 0.104137, 0.000111, 0.001395, 0.215177, 0.413802, 0.02752, 0.023334, 0.009565, 0.078314, 0.057747, 0.092936, 0.026582, 0.029875, 0.080931, 0.017276, 0.205872, 0.004255, 0.101466, 0.230068], [0.062394, 0.017775, 0.057933, 0.05923, 0.059843, 0.009442, 0.003205, 0.000245, 0.000245, 0.00853, 0.021837, 0.019596, 0.020489, 0.021555, 0.023789, 0.051443, 0.001996, 0.032604, 0.006456, 0.006088, 0.019557, 0.000103, 0.001519, 0.047684, 0.045606, 0.161655, 0.150551, 0.046853, 0.050679, 0.022821, 0.104137, 0.0, 0.008926, 0.020268, 0.572757, 0.020872, 0.03799, 0.037558, 0.039122, 0.060059, 0.138286, 0.19352, 1.8e-05, 0.113606, 0.002879, 4.9e-05, 0.124097, 0.151598, 0.053462, 0.113766], [0.00215, 0.00598, 0.005212, 0.001328, 0.000847, 2e-05, 0.000305, 0.006131, 0.024402, 0.003177, 0.088669, 0.082183, 0.098506, 0.090747, 0.074056, 0.000137, 0.004348, 0.12425, 0.009903, 0.004549, 0.096884, 0.000115, 0.005918, 0.003682, 0.0456, 0.004334, 0.001169, 0.0108, 0.0246, 0.000655, 0.000111, 0.008926, 0.0, 0.299965, 0.004141, 0.002325, 0.000217, 1e-05, 0.00187, 4.2e-05, 0.060557, 0.064984, 0.003212, 0.016506, 0.0037, 0.042543, 0.007283, 0.005626, 0.025992, 0.012304], [0.026171, 0.093913, 0.017191, 0.016637, 0.01529, 0.025348, 0.028984, 0.05977, 0.107058, 0.032913, 5e-06, 5.4e-05, 0.000871, 0.00017, 0.002604, 0.000869, 0.002262, 0.10164, 0.000535, 0.003976, 0.0106, 0.120948, 0.039889, 0.034836, 0.018982, 0.000804, 0.001773, 0.011112, 0.000138, 0.000541, 0.001395, 0.020268, 0.299965, 0.0, 0.010552, 0.001243, 0.017337, 0.023978, 0.016042, 0.018278, 0.032297, 0.033612, 0.006742, 0.000512, 0.006044, 0.033243, 0.006404, 0.121516, 0.01351, 0.010474], [0.025042, 0.012549, 0.033877, 0.031933, 0.034211, 0.000244, 0.000393, 0.03239, 0.001212, 0.000502, 0.061421, 0.042638, 0.052785, 0.079617, 0.132304, 0.012635, 0.007079, 6.7e-05, 0.013271, 0.016677, 0.035334, 0.007674, 0.008235, 0.053665, 0.013837, 0.094796, 0.081005, 0.13596, 0.048685, 0.016593, 0.215177, 0.572757, 0.004141, 0.010552, 0.0, 0.027946, 0.032194, 0.014129, 0.019769, 0.045504, 0.141027, 0.201005, 0.000899, 0.0859, 0.017037, 0.00101, 0.218586, 0.005312, 0.010245, 0.230394], [0.000482, 0.003164, 0.0, 0.000956, 0.001878, 0.018903, 0.00446, 0.018097, 0.09231, 0.008307, 0.014479, 0.004084, 0.027964, 0.048962, 0.09415, 0.000964, 0.026211, 0.14856, 0.041038, 0.040551, 0.001536, 0.031838, 0.059473, 0.045972, 0.024536, 0.02838, 0.025546, 0.064452, 0.042103, 0.205838, 0.413802, 0.020872, 0.002325, 0.001243, 0.027946, 0.0, 0.00193, 0.013177, 0.001777, 0.026709, 3.1e-05, 0.000254, 0.023105, 0.012992, 0.071898, 0.122742, 0.048905, 0.00196, 0.085076, 0.059635], [0.000337, 0.019749, 8e-06, 0.00217, 0.003358, 0.002334, 0.001852, 0.001337, 0.171957, 0.092666, 0.024325, 0.029255, 0.014789, 0.012839, 0.007052, 0.050444, 0.022202, 1.4e-05, 0.02275, 0.020751, 0.093455, 0.073785, 0.114799, 0.221078, 0.074112, 0.050878, 0.034885, 0.037619, 0.00127, 0.042378, 0.02752, 0.03799, 0.000217, 0.017337, 0.032194, 0.00193, 0.0, 0.105064, 0.713043, 1.050303, 0.015333, 0.004448, 0.364057, 2.7e-05, 0.081069, 0.024028, 0.025877, 0.009062, 0.042483, 0.041832], [0.010322, 0.05506, 0.017577, 0.005116, 0.002572, 0.052979, 0.05973, 0.111662, 0.091035, 0.060512, 0.000286, 6.9e-05, 0.00471, 0.003878, 0.001005, 0.034224, 0.000679, 0.002647, 0.003396, 0.000338, 0.01844, 0.010872, 0.059123, 0.065535, 0.04445, 0.069202, 0.067323, 0.076717, 0.009363, 0.056345, 0.023334, 0.037558, 1e-05, 0.023978, 0.014129, 0.013177, 0.105064, 0.0, 0.267472, 0.1188, 0.036842, 0.01814, 0.035081, 0.086111, 0.106567, 0.004475, 0.105566, 0.001223, 0.002817, 0.1261], [0.000169, 0.019006, 4e-05, 0.001694, 0.002934, 0.032229, 0.035227, 0.014026, 0.161616, 0.193493, 0.009941, 0.011134, 0.002477, 0.00236, 0.003952, 0.054647, 0.030656, 1.7e-05, 0.046311, 0.030951, 0.107216, 0.027971, 0.055828, 0.07559, 0.032313, 0.059969, 0.047844, 0.02107, 0.000965, 0.000201, 0.009565, 0.039122, 0.00187, 0.016042, 0.019769, 0.001777, 0.713043, 0.267472, 0.0, 0.948822, 0.063327, 0.034812, 0.312554, 0.030462, 0.156726, 0.017555, 0.011536, 0.002192, 0.029962, 0.023255], [0.001486, 0.006148, 0.000756, 0.003732, 0.004375, 0.013722, 0.009919, 0.000653, 0.234416, 0.149033, 0.009898, 0.015597, 0.00254, 0.000995, 3e-06, 0.05423, 0.049419, 0.008968, 0.062353, 0.054061, 0.079303, 0.0774, 0.114956, 0.18132, 0.063971, 0.079613, 0.059524, 0.046896, 0.006386, 0.004382, 0.078314, 0.060059, 4.2e-05, 0.018278, 0.045504, 0.026709, 1.050303, 0.1188, 0.948822, 0.0, 0.024495, 0.00833, 0.46673, 0.007888, 0.152012, 0.006492, 0.026914, 0.006917, 0.086972, 0.045907], [0.187287, 0.053165, 0.210793, 0.178, 0.171595, 0.241189, 0.224301, 0.000349, 0.000405, 0.044039, 0.190817, 0.195749, 0.147122, 0.126045, 0.107723, 0.197281, 0.156584, 0.038381, 0.134169, 0.1218, 0.131677, 0.002835, 0.006412, 0.017313, 0.00212, 0.005629, 0.005443, 0.009118, 0.028319, 0.106922, 0.057747, 0.138286, 0.060557, 0.032297, 0.141027, 3.1e-05, 0.015333, 0.036842, 0.063327, 0.024495, 0.0, 1.770778, 0.043072, 0.001176, 0.020024, 0.001557, 0.000662, 0.041299, 0.004017, 0.00022], [0.190358, 0.037366, 0.226113, 0.191211, 0.182879, 0.217442, 0.199782, 0.000109, 0.00193, 0.034369, 0.197545, 0.188775, 0.162051, 0.1497, 0.143467, 0.161858, 0.125665, 0.034811, 0.102245, 0.093487, 0.127037, 0.004097, 0.0062, 0.027886, 0.001576, 0.012871, 0.011963, 0.000444, 0.046934, 0.123136, 0.092936, 0.19352, 0.064984, 0.033612, 0.201005, 0.000254, 0.004448, 0.01814, 0.034812, 0.00833, 1.770778, 0.0, 0.028285, 0.008025, 0.012395, 9.5e-05, 0.005681, 0.050223, 0.00192, 0.001383], [0.009102, 0.004551, 0.007401, 0.012555, 0.01109, 0.000136, 0.000882, 0.000285, 0.149387, 0.032682, 0.011674, 0.013605, 0.003089, 0.005179, 0.006194, 0.025784, 0.005109, 0.001294, 0.003536, 0.003192, 0.089091, 0.037236, 0.06766, 0.020388, 0.02362, 0.00327, 0.001032, 0.021029, 0.014618, 0.003944, 0.026582, 1.8e-05, 0.003212, 0.006742, 0.000899, 0.023105, 0.364057, 0.035081, 0.312554, 0.46673, 0.043072, 0.028285, 0.0, 0.051019, 0.013408, 0.001337, 0.002571, 0.00682, 0.002083, 1e-06], [0.025918, 0.037994, 0.012487, 0.021249, 0.022094, 0.095008, 0.139336, 0.026592, 0.003704, 0.066295, 0.094887, 0.078246, 0.108255, 0.137684, 0.123511, 0.052236, 0.078242, 0.018188, 0.123383, 0.101942, 0.006487, 0.013058, 0.000475, 0.008426, 0.034392, 0.0503, 0.052096, 0.054647, 0.126219, 0.000132, 0.029875, 0.113606, 0.016506, 0.000512, 0.0859, 0.012992, 2.7e-05, 0.086111, 0.030462, 0.007888, 0.001176, 0.008025, 0.051019, 0.0, 0.12873, 0.0478, 0.124051, 0.055073, 0.100765, 0.111667], [0.015509, 0.009998, 0.017514, 0.017141, 0.015198, 0.168995, 0.108365, 0.024025, 0.269876, 0.108275, 0.025672, 0.018373, 0.040055, 0.053224, 0.051627, 0.169472, 0.071106, 0.156849, 0.136598, 0.105778, 0.00023, 0.056375, 0.135701, 0.079655, 2.1e-05, 0.183502, 0.173167, 0.005328, 0.01463, 0.006752, 0.080931, 0.002879, 0.0037, 0.006044, 0.017037, 0.071898, 0.081069, 0.106567, 0.156726, 0.152012, 0.020024, 0.012395, 0.013408, 0.12873, 0.0, 0.007767, 0.103111, 0.000478, 0.167576, 0.129872], [0.001651, 9e-06, 0.001531, 0.003346, 0.003211, 0.000439, 0.003334, 0.045063, 0.011061, 0.077321, 0.001773, 0.003884, 0.00015, 0.00033, 4.2e-05, 0.058109, 0.006482, 0.004046, 0.002504, 0.002536, 0.000428, 0.000169, 0.038584, 0.002624, 0.012628, 0.000434, 0.000106, 0.005284, 0.041958, 0.078755, 0.017276, 4.9e-05, 0.042543, 0.033243, 0.00101, 0.122742, 0.024028, 0.004475, 0.017555, 0.006492, 0.001557, 9.5e-05, 0.001337, 0.0478, 0.007767, 0.0, 0.007986, 2.5e-05, 0.000514, 0.003341], [0.085878, 0.102039, 0.070479, 0.077819, 0.075244, 0.102324, 0.075561, 0.000158, 0.018907, 0.001726, 0.022249, 0.011049, 0.028098, 0.050569, 0.083155, 0.068809, 0.126277, 0.018579, 0.134752, 0.145121, 0.012099, 0.016376, 0.119138, 0.119226, 0.008216, 0.162295, 0.154712, 0.227779, 0.038822, 0.001751, 0.205872, 0.124097, 0.007283, 0.006404, 0.218586, 0.048905, 0.025877, 0.105566, 0.011536, 0.026914, 0.000662, 0.005681, 0.002571, 0.124051, 0.103111, 0.007986, 0.0, 0.031416, 0.102465, 1.851227], [0.011651, 0.033673, 0.015634, 0.007704, 0.005582, 0.031055, 0.01302, 0.084873, 0.002773, 0.015858, 0.000483, 1e-05, 0.00086, 0.001695, 0.006241, 0.004624, 0.002927, 0.045555, 0.008509, 0.004104, 0.011736, 0.073379, 0.066382, 0.049931, 0.015022, 0.05121, 0.054065, 0.007418, 0.066439, 0.102648, 0.004255, 0.151598, 0.005626, 0.121516, 0.005312, 0.00196, 0.009062, 0.001223, 0.002192, 0.006917, 0.041299, 0.050223, 0.00682, 0.055073, 0.000478, 2.5e-05, 0.031416, 0.0, 0.194895, 0.010482], [0.004354, 0.006607, 0.003631, 0.008047, 0.009844, 0.024178, 0.024616, 0.008576, 0.037864, 0.208505, 0.009056, 0.01235, 0.005708, 0.001655, 1.1e-05, 0.074726, 0.129596, 0.130405, 0.153834, 0.146899, 0.000864, 0.254789, 0.191553, 0.142292, 0.055821, 0.12487, 0.104516, 0.012175, 0.000551, 0.003845, 0.101466, 0.053462, 0.025992, 0.01351, 0.010245, 0.085076, 0.042483, 0.002817, 0.029962, 0.086972, 0.004017, 0.00192, 0.002083, 0.100765, 0.167576, 0.000514, 0.102465, 0.194895, 0.0, 0.103583], [0.085597, 0.107405, 0.075011, 0.076217, 0.072333, 0.128916, 0.094731, 0.002654, 0.023346, 2.6e-05, 0.015626, 0.005857, 0.021901, 0.042721, 0.078463, 0.091299, 0.140452, 0.034386, 0.141994, 0.156937, 0.007214, 0.020909, 0.109637, 0.126742, 0.016271, 0.169263, 0.15587, 0.283373, 0.02625, 0.006502, 0.230068, 0.113766, 0.012304, 0.010474, 0.230394, 0.059635, 0.041832, 0.1261, 0.023255, 0.045907, 0.00022, 0.001383, 1e-06, 0.111667, 0.129872, 0.003341, 1.851227, 0.010482, 0.103583, 0.0]]