[[0.0, 0.000113, 0.096294, 0.120247, 0.090553, 0.036052, 0.065997, 0.010007, 0.035355, 0.016268, 0.002407, 0.013509, 0.009577, 0.011623, 0.000389, 0.054654, 0.006359, 0.014391, 0.019122, 0.004822, 0.000641, 0.000412, 0.000773, 0.000156, 0.009823, 0.016571, 0.038348, 0.069163, 0.000965, 0.003807, 0.001194, 0.080096, 0.060315, 0.033052, 0.033158, 0.036238, 0.0323, 0.023579, 0.04044, 0.041006, 0.01835, 0.025817, 0.018338, 0.146231, 0.085752, 0.084469, 0.013107, 0.001917, 0.308147, 0.210672], [0.000113, 0.0, 0.000978, 0.001086, 0.024779, 0.033754, 0.03024, 0.022618, 0.005226, 1.8e-05, 0.037223, 2.5e-05, 0.016065, 0.008368, 0.007527, 7e-06, 0.054185, 0.007086, 0.003801, 0.067222, 0.016472, 0.000581, 1e-06, 7e-05, 0.026294, 0.10653, 0.01154, 0.053199, 0.001793, 0.118396, 0.139622, 0.406447, 0.503043, 0.088557, 0.004188, 0.011784, 0.00659, 0.000212, 0.002956, 0.001755, 0.007211, 0.000382, 0.0197, 0.022355, 0.075565, 0.044928, 0.024786, 0.077998, 0.008524, 0.000542], [0.096294, 0.000978, 0.0, 0.60769, 0.058754, 0.007152, 0.062442, 0.000798, 0.0031, 0.155107, 0.068098, 0.010573, 0.005403, 0.014413, 0.009899, 0.017419, 0.018079, 0.017234, 0.003875, 0.082358, 0.007603, 0.000579, 0.004389, 0.090002, 0.109522, 0.150238, 0.036117, 0.000432, 0.015587, 0.035208, 0.018308, 0.015418, 0.028218, 0.005612, 0.000546, 0.017643, 0.002244, 0.00157, 0.06548, 0.07121, 0.024624, 0.032441, 0.000629, 0.005673, 0.018177, 0.052472, 0.003316, 0.001912, 0.010175, 0.017124], [0.120247, 0.001086, 0.60769, 0.0, 0.167227, 0.03597, 0.042159, 0.024306, 0.05364, 0.130743, 0.02031, 5e-06, 0.002879, 0.019853, 0.046941, 0.022498, 9e-06, 0.014368, 0.112416, 0.083345, 0.03219, 0.031729, 0.014488, 0.02782, 0.080148, 0.120292, 0.00675, 0.002832, 0.105512, 0.035564, 0.003254, 0.021909, 0.010139, 0.00593, 0.003292, 2.6e-05, 0.007058, 0.011012, 0.010684, 0.009674, 0.012442, 0.142155, 0.001369, 0.006366, 0.013841, 0.051632, 0.024573, 0.016042, 9.2e-05, 0.110733], [0.090553, 0.024779, 0.058754, 0.167227, 0.0, 0.33234, 0.07148, 0.166149, 0.210327, 0.004572, 0.012296, 0.016052, 0.002249, 0.000603, 0.047309, 0.010346, 0.080098, 0.060173, 0.174718, 0.00815, 5.8e-05, 0.109148, 0.096049, 0.034719, 0.003674, 0.010107, 6.2e-05, 0.035189, 0.013963, 0.019675, 0.001473, 0.000445, 0.001571, 0.009396, 0.015316, 0.010314, 0.012593, 0.010255, 3.4e-05, 4.8e-05, 0.099942, 0.076804, 0.002574, 0.06118, 0.252352, 0.090196, 0.035233, 0.005391, 0.042283, 0.151228], [0.036052, 0.033754, 0.007152, 0.03597, 0.33234, 0.0, 0.236047, 0.012449, 0.011531, 0.020836, 0.112121, 0.071271, 0.02642, 0.000202, 0.011957, 0.111745, 0.01848, 0.031032, 0.005697, 0.002944, 0.000231, 0.000242, 0.021826, 0.005581, 0.006547, 0.009556, 0.028909, 0.000927, 0.057585, 0.003636, 0.009321, 0.052144, 0.033001, 0.067002, 0.151214, 0.032615, 0.045149, 0.042388, 0.001004, 0.027364, 0.017046, 0.012226, 0.0041, 0.002137, 0.083944, 8e-06, 0.004442, 0.013563, 0.010135, 0.000142], [0.065997, 0.03024, 0.062442, 0.042159, 0.07148, 0.236047, 0.0, 0.004722, 0.052841, 0.009055, 0.049199, 0.126022, 0.00107, 0.003465, 0.005665, 0.092779, 0.036101, 0.01803, 7e-06, 0.035738, 0.001944, 0.044307, 1e-06, 0.009866, 0.015665, 0.033554, 0.008104, 0.002922, 0.001924, 0.023837, 0.034455, 0.018495, 0.000624, 0.040359, 0.034911, 0.000578, 0.011559, 0.017385, 0.000271, 0.032654, 0.037545, 0.011662, 0.040227, 0.037379, 0.007375, 0.004787, 0.007937, 0.005098, 0.004358, 0.010124], [0.010007, 0.022618, 0.000798, 0.024306, 0.166149, 0.012449, 0.004722, 0.0, 0.144753, 0.034213, 0.008871, 0.007986, 5e-06, 0.001194, 0.00077, 0.014516, 0.025778, 0.000832, 0.099627, 0.013023, 0.053022, 0.261483, 0.114618, 0.084018, 0.0, 0.009223, 0.003388, 0.023561, 0.001718, 0.023806, 0.030965, 0.00036, 0.003303, 0.014602, 0.000105, 0.019553, 0.012961, 0.005125, 0.001991, 0.002108, 0.143295, 0.193884, 0.009778, 0.15761, 0.029414, 0.041926, 0.038451, 0.007761, 0.020754, 0.152861], [0.035355, 0.005226, 0.0031, 0.05364, 0.210327, 0.011531, 0.052841, 0.144753, 0.0, 0.008979, 0.000229, 0.049068, 0.025611, 0.007477, 0.003165, 0.084618, 0.062511, 0.001171, 0.187564, 0.017306, 0.037537, 0.176059, 0.085737, 0.007519, 0.005567, 0.012472, 0.016469, 0.009377, 0.011172, 3.7e-05, 1.3e-05, 0.043138, 0.001877, 0.157348, 0.031478, 0.014236, 0.018149, 0.016197, 0.007581, 0.042634, 0.097631, 0.029359, 0.011333, 0.08947, 0.066406, 0.022321, 0.004498, 0.007897, 0.085403, 0.194752], [0.016268, 1.8e-05, 0.155107, 0.130743, 0.004572, 0.020836, 0.009055, 0.034213, 0.008979, 0.0, 0.629574, 0.247967, 0.0812, 0.034352, 0.000306, 0.111076, 0.002229, 0.032621, 0.007547, 0.087562, 0.029987, 0.01755, 0.052949, 0.037346, 0.044796, 0.002326, 0.000535, 0.003584, 0.012671, 0.029164, 0.002619, 0.005099, 0.009989, 0.043982, 0.009334, 0.008387, 0.00593, 0.020861, 0.10638, 0.207854, 0.033748, 0.112853, 0.00876, 0.031255, 0.0026, 0.152274, 9e-06, 0.009363, 0.038579, 0.025386], [0.002407, 0.037223, 0.068098, 0.02031, 0.012296, 0.112121, 0.049199, 0.008871, 0.000229, 0.629574, 0.0, 0.355907, 0.120895, 0.036852, 0.000827, 0.180773, 0.002503, 0.023398, 0.002363, 0.093382, 0.000215, 0.001121, 0.089361, 0.037499, 0.044912, 0.009768, 0.018583, 4.4e-05, 0.00561, 0.005536, 0.000839, 0.000229, 0.00288, 0.018107, 0.051104, 0.025795, 0.034031, 0.080669, 0.119897, 0.38266, 0.011759, 0.054239, 0.07039, 0.019552, 0.000307, 0.155989, 0.001003, 0.029391, 0.022621, 0.006049], [0.013509, 2.5e-05, 0.010573, 5e-06, 0.016052, 0.071271, 0.126022, 0.007986, 0.049068, 0.247967, 0.355907, 0.0, 0.176852, 0.063609, 0.030948, 0.106281, 0.015873, 0.002325, 0.00051, 0.002517, 0.041428, 0.00273, 0.164755, 0.109889, 0.06682, 0.028705, 0.040366, 0.020907, 0.015096, 0.000416, 0.005803, 0.006941, 4.9e-05, 0.105801, 0.120872, 0.098749, 0.119101, 0.205079, 0.263926, 0.384912, 0.003178, 0.000135, 0.000417, 0.039584, 0.004304, 0.031935, 0.001012, 0.075707, 0.000641, 0.0001], [0.009577, 0.016065, 0.005403, 0.002879, 0.002249, 0.02642, 0.00107, 5e-06, 0.025611, 0.0812, 0.120895, 0.176852, 0.0, 0.728805, 0.11138, 0.015601, 0.003906, 0.027633, 0.07739, 0.055559, 0.000714, 0.013986, 0.038318, 0.068805, 0.000822, 0.012862, 0.000814, 0.067319, 0.017908, 0.000159, 0.030884, 1.5e-05, 0.016503, 0.03598, 0.11899, 0.125688, 0.115474, 0.114112, 0.148219, 0.111227, 0.003685, 0.012076, 0.001317, 0.012964, 0.003096, 0.004372, 0.000889, 0.035679, 0.001564, 0.000235], [0.011623, 0.008368, 0.014413, 0.019853, 0.000603, 0.000202, 0.003465, 0.001194, 0.007477, 0.034352, 0.036852, 0.063609, 0.728805, 0.0, 0.023702, 8.8e-05, 3.1e-05, 0.022604, 0.14611, 0.105779, 1.2e-05, 0.061252, 0.020539, 0.053702, 0.000439, 0.008741, 8.1e-05, 0.028022, 0.033469, 0.015364, 5.2e-05, 3e-06, 0.030579, 0.001796, 0.036522, 0.065323, 0.048813, 0.044419, 0.117806, 0.047874, 0.00687, 0.006842, 0.004205, 0.012611, 0.001471, 0.034275, 0.008667, 0.027684, 0.000693, 0.003447], [0.000389, 0.007527, 0.009899, 0.046941, 0.047309, 0.011957, 0.005665, 0.00077, 0.003165, 0.000306, 0.000827, 0.030948, 0.11138, 0.023702, 0.0, 0.056452, 0.059045, 0.032666, 0.020002, 0.046903, 0.024807, 0.008571, 0.000927, 0.014571, 0.000737, 0.009573, 0.001507, 0.125059, 0.000836, 0.000265, 0.063835, 6.1e-05, 0.008559, 0.007993, 0.030738, 0.064645, 0.047219, 0.028735, 0.036801, 0.008995, 0.096097, 0.15749, 0.017127, 0.031394, 0.041415, 0.116357, 0.05137, 0.004598, 0.000894, 0.026995], [0.054654, 7e-06, 0.017419, 0.022498, 0.010346, 0.111745, 0.092779, 0.014516, 0.084618, 0.111076, 0.180773, 0.106281, 0.015601, 8.8e-05, 0.056452, 0.0, 0.011909, 0.003607, 0.028389, 0.000926, 0.00247, 0.031454, 0.010699, 0.000667, 0.006592, 0.001303, 0.062777, 0.004605, 0.017306, 6.2e-05, 0.008338, 0.098816, 0.030603, 0.283549, 0.245252, 0.061642, 0.099214, 0.135922, 0.016644, 0.177155, 0.041793, 0.185119, 0.000732, 0.177277, 0.074721, 0.389621, 0.013563, 0.00079, 0.042445, 0.124899], [0.006359, 0.054185, 0.018079, 9e-06, 0.080098, 0.01848, 0.036101, 0.025778, 0.062511, 0.002229, 0.002503, 0.015873, 0.003906, 3.1e-05, 0.059045, 0.011909, 0.0, 0.067018, 0.104813, 9.9e-05, 0.045312, 0.130768, 0.112178, 0.134476, 0.330762, 0.216647, 0.073513, 0.000488, 0.043587, 0.077446, 0.10607, 0.034928, 0.004935, 0.00027, 0.026179, 0.02977, 0.016394, 0.014612, 0.024328, 0.002219, 0.109077, 0.061545, 0.114152, 0.136135, 0.018871, 0.003874, 0.00108, 0.149731, 0.013794, 0.044989], [0.014391, 0.007086, 0.017234, 0.014368, 0.060173, 0.031032, 0.01803, 0.000832, 0.001171, 0.032621, 0.023398, 0.002325, 0.027633, 0.022604, 0.032666, 0.003607, 0.067018, 0.0, 0.011781, 0.00814, 0.186936, 0.010367, 0.016574, 0.01219, 0.044102, 0.037598, 0.110778, 0.016486, 0.060295, 0.000528, 0.007111, 0.000782, 0.003895, 0.007703, 0.001818, 0.016162, 0.020039, 0.012855, 0.031979, 0.005131, 0.02311, 9.7e-05, 0.063071, 0.041227, 0.063215, 0.077338, 0.005823, 0.002057, 0.000471, 0.012711], [0.019122, 0.003801, 0.003875, 0.112416, 0.174718, 0.005697, 7e-06, 0.099627, 0.187564, 0.007547, 0.002363, 0.00051, 0.07739, 0.14611, 0.020002, 0.028389, 0.104813, 0.011781, 0.0, 0.045533, 3.5e-05, 0.09479, 0.097644, 0.005966, 0.001447, 0.000303, 0.005196, 0.005977, 0.032038, 0.001484, 0.000259, 0.030611, 2.3e-05, 0.038593, 0.000685, 0.00451, 0.007691, 0.010967, 0.017219, 0.004059, 0.096393, 0.171841, 0.003994, 0.171336, 0.000446, 0.000251, 0.000463, 0.002922, 0.049361, 0.135016], [0.004822, 0.067222, 0.082358, 0.083345, 0.00815, 0.002944, 0.035738, 0.013023, 0.017306, 0.087562, 0.093382, 0.002517, 0.055559, 0.105779, 0.046903, 0.000926, 9.9e-05, 0.00814, 0.045533, 0.0, 0.046338, 0.001888, 6.7e-05, 0.013705, 0.031501, 0.00992, 2.7e-05, 0.035932, 0.00202, 2.7e-05, 0.00665, 0.069574, 0.086811, 0.094783, 0.079603, 0.074834, 0.098416, 0.061117, 0.006822, 0.006002, 0.027592, 0.050934, 0.000513, 0.005634, 0.017145, 0.003987, 0.000278, 0.014368, 0.01698, 0.005759], [0.000641, 0.016472, 0.007603, 0.03219, 5.8e-05, 0.000231, 0.001944, 0.053022, 0.037537, 0.029987, 0.000215, 0.041428, 0.000714, 1.2e-05, 0.024807, 0.00247, 0.045312, 0.186936, 3.5e-05, 0.046338, 0.0, 0.012936, 0.010135, 0.061228, 0.07041, 0.057112, 0.06599, 0.001186, 3.3e-05, 0.013421, 0.003087, 0.025353, 0.016223, 0.055807, 0.03018, 0.038464, 0.022723, 0.029164, 0.064004, 0.013309, 0.006613, 0.004295, 0.073199, 0.001273, 0.006509, 0.002462, 0.045642, 8e-05, 0.002073, 0.00475], [0.000412, 0.000581, 0.000579, 0.031729, 0.109148, 0.000242, 0.044307, 0.261483, 0.176059, 0.01755, 0.001121, 0.00273, 0.013986, 0.061252, 0.008571, 0.031454, 0.130768, 0.010367, 0.09479, 0.001888, 0.012936, 0.0, 0.281708, 0.15645, 0.010924, 0.005726, 0.036956, 0.000843, 0.019536, 0.005647, 0.012335, 0.001999, 0.001613, 0.008838, 0.028329, 0.111959, 0.087397, 0.090768, 0.125975, 0.00873, 0.29734, 0.219524, 0.0101, 0.093269, 0.003625, 0.062823, 0.057902, 0.015177, 0.00864, 0.348157], [0.000773, 1e-06, 0.004389, 0.014488, 0.096049, 0.021826, 1e-06, 0.114618, 0.085737, 0.052949, 0.089361, 0.164755, 0.038318, 0.020539, 0.000927, 0.010699, 0.112178, 0.016574, 0.097644, 6.7e-05, 0.010135, 0.281708, 0.0, 0.280515, 0.088391, 0.002892, 1.1e-05, 0.009965, 0.005206, 0.001833, 0.005066, 0.000103, 0.005852, 0.040281, 0.098435, 0.168207, 0.170071, 0.228059, 0.285382, 0.057371, 0.065601, 0.068322, 0.009176, 0.004096, 0.005797, 0.0133, 0.024828, 0.059575, 0.026626, 0.167521], [0.000156, 7e-05, 0.090002, 0.02782, 0.034719, 0.005581, 0.009866, 0.084018, 0.007519, 0.037346, 0.037499, 0.109889, 0.068805, 0.053702, 0.014571, 0.000667, 0.134476, 0.01219, 0.005966, 0.013705, 0.061228, 0.15645, 0.280515, 0.0, 0.339022, 0.230155, 0.003463, 0.008079, 0.005014, 0.000312, 0.022016, 0.00106, 0.000251, 0.017719, 0.041273, 0.111872, 0.064035, 0.091992, 0.17834, 0.049014, 0.171458, 0.035989, 0.018887, 0.050919, 0.04742, 0.011108, 0.06609, 0.00065, 0.020256, 0.190801], [0.009823, 0.026294, 0.109522, 0.080148, 0.003674, 0.006547, 0.015665, 0.0, 0.005567, 0.044796, 0.044912, 0.06682, 0.000822, 0.000439, 0.000737, 0.006592, 0.330762, 0.044102, 0.001447, 0.031501, 0.07041, 0.010924, 0.088391, 0.339022, 0.0, 0.444097, 0.038979, 0.018558, 0.017753, 0.073321, 0.104735, 0.006362, 0.00038, 0.005949, 0.003001, 0.001531, 0.000462, 0.001909, 0.014677, 0.002194, 0.011012, 0.013639, 0.074838, 0.019275, 0.049419, 0.007397, 0.008013, 0.049005, 0.008313, 0.009819], [0.016571, 0.10653, 0.150238, 0.120292, 0.010107, 0.009556, 0.033554, 0.009223, 0.012472, 0.002326, 0.009768, 0.028705, 0.012862, 0.008741, 0.009573, 0.001303, 0.216647, 0.037598, 0.000303, 0.00992, 0.057112, 0.005726, 0.002892, 0.230155, 0.444097, 0.0, 0.10327, 0.000799, 0.001525, 0.033557, 0.051138, 0.01213, 0.02661, 0.000671, 0.005149, 0.017386, 0.00357, 0.009562, 0.048948, 0.020785, 0.038143, 0.001115, 0.004633, 0.037585, 0.000164, 0.001641, 0.010868, 0.005491, 0.001232, 0.005214], [0.038348, 0.01154, 0.036117, 0.00675, 6.2e-05, 0.028909, 0.008104, 0.003388, 0.016469, 0.000535, 0.018583, 0.040366, 0.000814, 8.1e-05, 0.001507, 0.062777, 0.073513, 0.110778, 0.005196, 2.7e-05, 0.06599, 0.036956, 1.1e-05, 0.003463, 0.038979, 0.10327, 0.0, 0.024214, 0.252394, 0.000962, 0.061917, 0.02182, 0.000708, 0.013633, 0.088791, 0.060173, 0.058948, 0.078592, 0.032624, 0.127508, 0.010585, 0.003984, 0.001548, 3e-06, 0.029837, 0.005929, 0.027674, 0.009185, 0.051354, 0.013218], [0.069163, 0.053199, 0.000432, 0.002832, 0.035189, 0.000927, 0.002922, 0.023561, 0.009377, 0.003584, 4.4e-05, 0.020907, 0.067319, 0.028022, 0.125059, 0.004605, 0.000488, 0.016486, 0.005977, 0.035932, 0.001186, 0.000843, 0.009965, 0.008079, 0.018558, 0.000799, 0.024214, 0.0, 0.173002, 0.148359, 0.003572, 0.08642, 0.049633, 0.010684, 0.036832, 0.103854, 0.092007, 0.041029, 0.082202, 0.020572, 0.004336, 0.079774, 0.002384, 0.005263, 0.007751, 0.017116, 0.059967, 0.051516, 0.03282, 0.005263], [0.000965, 0.001793, 0.015587, 0.105512, 0.013963, 0.057585, 0.001924, 0.001718, 0.011172, 0.012671, 0.00561, 0.015096, 0.017908, 0.033469, 0.000836, 0.017306, 0.043587, 0.060295, 0.032038, 0.00202, 3.3e-05, 0.019536, 0.005206, 0.005014, 0.017753, 0.001525, 0.252394, 0.173002, 0.0, 0.147769, 0.00327, 0.00011, 0.005875, 0.008796, 0.025331, 0.003517, 0.007616, 0.025564, 0.002767, 0.01933, 0.00461, 0.000631, 0.012657, 1e-06, 0.000313, 0.00087, 0.022815, 0.04897, 0.025271, 0.001682], [0.003807, 0.118396, 0.035208, 0.035564, 0.019675, 0.003636, 0.023837, 0.023806, 3.7e-05, 0.029164, 0.005536, 0.000416, 0.000159, 0.015364, 0.000265, 6.2e-05, 0.077446, 0.000528, 0.001484, 2.7e-05, 0.013421, 0.005647, 0.001833, 0.000312, 0.073321, 0.033557, 0.000962, 0.148359, 0.147769, 0.0, 0.242968, 0.098028, 0.035015, 0.005751, 0.000491, 0.006584, 0.003901, 0.000262, 0.023249, 0.043374, 0.013073, 0.00048, 0.093753, 0.002126, 0.001094, 0.008745, 0.153165, 0.13932, 0.002721, 9.8e-05], [0.001194, 0.139622, 0.018308, 0.003254, 0.001473, 0.009321, 0.034455, 0.030965, 1.3e-05, 0.002619, 0.000839, 0.005803, 0.030884, 5.2e-05, 0.063835, 0.008338, 0.10607, 0.007111, 0.000259, 0.00665, 0.003087, 0.012335, 0.005066, 0.022016, 0.104735, 0.051138, 0.061917, 0.003572, 0.00327, 0.242968, 0.0, 0.21005, 0.0959, 0.001945, 0.00624, 0.024854, 0.024947, 0.01435, 0.006056, 0.043418, 0.008086, 0.00133, 0.093615, 0.015163, 0.012153, 0.002452, 0.118929, 0.104445, 0.011477, 0.003748], [0.080096, 0.406447, 0.015418, 0.021909, 0.000445, 0.052144, 0.018495, 0.00036, 0.043138, 0.005099, 0.000229, 0.006941, 1.5e-05, 3e-06, 6.1e-05, 0.098816, 0.034928, 0.000782, 0.030611, 0.069574, 0.025353, 0.001999, 0.000103, 0.00106, 0.006362, 0.01213, 0.02182, 0.08642, 0.00011, 0.098028, 0.21005, 0.0, 0.679201, 0.275649, 0.167858, 0.165575, 0.145244, 0.096895, 0.019804, 0.049831, 0.003537, 0.025304, 6.8e-05, 0.148485, 0.000421, 0.000153, 0.144657, 0.1707, 0.153199, 0.046169], [0.060315, 0.503043, 0.028218, 0.010139, 0.001571, 0.033001, 0.000624, 0.003303, 0.001877, 0.009989, 0.00288, 4.9e-05, 0.016503, 0.030579, 0.008559, 0.030603, 0.004935, 0.003895, 2.3e-05, 0.086811, 0.016223, 0.001613, 0.005852, 0.000251, 0.00038, 0.02661, 0.000708, 0.049633, 0.005875, 0.035015, 0.0959, 0.679201, 0.0, 0.231966, 0.071262, 0.091681, 0.068391, 0.036444, 0.005769, 0.008597, 0.016557, 0.010276, 0.020033, 0.047138, 0.005998, 0.002262, 0.01754, 0.089359, 0.046756, 0.019879], [0.033052, 0.088557, 0.005612, 0.00593, 0.009396, 0.067002, 0.040359, 0.014602, 0.157348, 0.043982, 0.018107, 0.105801, 0.03598, 0.001796, 0.007993, 0.283549, 0.00027, 0.007703, 0.038593, 0.094783, 0.055807, 0.008838, 0.040281, 0.017719, 0.005949, 0.000671, 0.013633, 0.010684, 0.008796, 0.005751, 0.001945, 0.275649, 0.231966, 0.0, 0.477742, 0.289364, 0.309835, 0.274432, 0.076403, 0.068856, 6e-06, 0.015088, 0.050381, 0.115996, 0.019399, 0.06981, 0.000189, 0.0, 0.037527, 0.032334], [0.033158, 0.004188, 0.000546, 0.003292, 0.015316, 0.151214, 0.034911, 0.000105, 0.031478, 0.009334, 0.051104, 0.120872, 0.11899, 0.036522, 0.030738, 0.245252, 0.026179, 0.001818, 0.000685, 0.079603, 0.03018, 0.028329, 0.098435, 0.041273, 0.003001, 0.005149, 0.088791, 0.036832, 0.025331, 0.000491, 0.00624, 0.167858, 0.071262, 0.477742, 0.0, 0.768212, 0.948572, 0.79977, 0.197931, 0.167097, 0.042291, 0.003604, 0.000867, 0.054974, 0.035234, 0.029088, 0.027074, 0.001117, 0.055872, 0.00051], [0.036238, 0.011784, 0.017643, 2.6e-05, 0.010314, 0.032615, 0.000578, 0.019553, 0.014236, 0.008387, 0.025795, 0.098749, 0.125688, 0.065323, 0.064645, 0.061642, 0.02977, 0.016162, 0.00451, 0.074834, 0.038464, 0.111959, 0.168207, 0.111872, 0.001531, 0.017386, 0.060173, 0.103854, 0.003517, 0.006584, 0.024854, 0.165575, 0.091681, 0.289364, 0.768212, 0.0, 1.61142, 1.040177, 0.502277, 0.215375, 0.124575, 0.075049, 0.000165, 0.006664, 0.027228, 0.001547, 0.053959, 0.004398, 0.034413, 0.017459], [0.0323, 0.00659, 0.002244, 0.007058, 0.012593, 0.045149, 0.011559, 0.012961, 0.018149, 0.00593, 0.034031, 0.119101, 0.115474, 0.048813, 0.047219, 0.099214, 0.016394, 0.020039, 0.007691, 0.098416, 0.022723, 0.087397, 0.170071, 0.064035, 0.000462, 0.00357, 0.058948, 0.092007, 0.007616, 0.003901, 0.024947, 0.145244, 0.068391, 0.309835, 0.948572, 1.61142, 0.0, 1.388334, 0.453921, 0.234987, 0.079783, 0.066164, 0.000807, 0.020797, 0.049952, 0.010453, 0.043142, 0.001181, 0.044082, 0.010089], [0.023579, 0.000212, 0.00157, 0.011012, 0.010255, 0.042388, 0.017385, 0.005125, 0.016197, 0.020861, 0.080669, 0.205079, 0.114112, 0.044419, 0.028735, 0.135922, 0.014612, 0.012855, 0.010967, 0.061117, 0.029164, 0.090768, 0.228059, 0.091992, 0.001909, 0.009562, 0.078592, 0.041029, 0.025564, 0.000262, 0.01435, 0.096895, 0.036444, 0.274432, 0.79977, 1.040177, 1.388334, 0.0, 0.54473, 0.361814, 0.05552, 0.042412, 0.003787, 0.027747, 0.046936, 0.02407, 0.045463, 1.2e-05, 0.040633, 0.018316], [0.04044, 0.002956, 0.06548, 0.010684, 3.4e-05, 0.001004, 0.000271, 0.001991, 0.007581, 0.10638, 0.119897, 0.263926, 0.148219, 0.117806, 0.036801, 0.016644, 0.024328, 0.031979, 0.017219, 0.006822, 0.064004, 0.125975, 0.285382, 0.17834, 0.014677, 0.048948, 0.032624, 0.082202, 0.002767, 0.023249, 0.006056, 0.019804, 0.005769, 0.076403, 0.197931, 0.502277, 0.453921, 0.54473, 0.0, 0.385471, 0.053718, 0.065841, 0.010279, 0.002554, 0.033201, 0.013124, 0.038545, 0.003588, 0.000508, 0.035854], [0.041006, 0.001755, 0.07121, 0.009674, 4.8e-05, 0.027364, 0.032654, 0.002108, 0.042634, 0.207854, 0.38266, 0.384912, 0.111227, 0.047874, 0.008995, 0.177155, 0.002219, 0.005131, 0.004059, 0.006002, 0.013309, 0.00873, 0.057371, 0.049014, 0.002194, 0.020785, 0.127508, 0.020572, 0.01933, 0.043374, 0.043418, 0.049831, 0.008597, 0.068856, 0.167097, 0.215375, 0.234987, 0.361814, 0.385471, 0.0, 0.001985, 0.000719, 0.069392, 0.032906, 0.031199, 0.065145, 0.028239, 0.004826, 0.022934, 0.00248], [0.01835, 0.007211, 0.024624, 0.012442, 0.099942, 0.017046, 0.037545, 0.143295, 0.097631, 0.033748, 0.011759, 0.003178, 0.003685, 0.00687, 0.096097, 0.041793, 0.109077, 0.02311, 0.096393, 0.027592, 0.006613, 0.29734, 0.065601, 0.171458, 0.011012, 0.038143, 0.010585, 0.004336, 0.00461, 0.013073, 0.008086, 0.003537, 0.016557, 6e-06, 0.042291, 0.124575, 0.079783, 0.05552, 0.053718, 0.001985, 0.0, 0.186758, 0.000272, 0.161089, 0.005023, 0.103226, 0.004523, 0.001348, 0.02618, 0.343083], [0.025817, 0.000382, 0.032441, 0.142155, 0.076804, 0.012226, 0.011662, 0.193884, 0.029359, 0.112853, 0.054239, 0.000135, 0.012076, 0.006842, 0.15749, 0.185119, 0.061545, 9.7e-05, 0.171841, 0.050934, 0.004295, 0.219524, 0.068322, 0.035989, 0.013639, 0.001115, 0.003984, 0.079774, 0.000631, 0.00048, 0.00133, 0.025304, 0.010276, 0.015088, 0.003604, 0.075049, 0.066164, 0.042412, 0.065841, 0.000719, 0.186758, 0.0, 0.004776, 0.204789, 0.0019, 0.149951, 0.001157, 0.002259, 0.008019, 0.266741], [0.018338, 0.0197, 0.000629, 0.001369, 0.002574, 0.0041, 0.040227, 0.009778, 0.011333, 0.00876, 0.07039, 0.000417, 0.001317, 0.004205, 0.017127, 0.000732, 0.114152, 0.063071, 0.003994, 0.000513, 0.073199, 0.0101, 0.009176, 0.018887, 0.074838, 0.004633, 0.001548, 0.002384, 0.012657, 0.093753, 0.093615, 6.8e-05, 0.020033, 0.050381, 0.000867, 0.000165, 0.000807, 0.003787, 0.010279, 0.069392, 0.000272, 0.004776, 0.0, 0.022839, 0.016677, 0.002693, 0.021227, 0.039546, 0.00186, 0.001031], [0.146231, 0.022355, 0.005673, 0.006366, 0.06118, 0.002137, 0.037379, 0.15761, 0.08947, 0.031255, 0.019552, 0.039584, 0.012964, 0.012611, 0.031394, 0.177277, 0.136135, 0.041227, 0.171336, 0.005634, 0.001273, 0.093269, 0.004096, 0.050919, 0.019275, 0.037585, 3e-06, 0.005263, 1e-06, 0.002126, 0.015163, 0.148485, 0.047138, 0.115996, 0.054974, 0.006664, 0.020797, 0.027747, 0.002554, 0.032906, 0.161089, 0.204789, 0.022839, 0.0, 0.035307, 0.086128, 0.013379, 0.003906, 0.238971, 0.224464], [0.085752, 0.075565, 0.018177, 0.013841, 0.252352, 0.083944, 0.007375, 0.029414, 0.066406, 0.0026, 0.000307, 0.004304, 0.003096, 0.001471, 0.041415, 0.074721, 0.018871, 0.063215, 0.000446, 0.017145, 0.006509, 0.003625, 0.005797, 0.04742, 0.049419, 0.000164, 0.029837, 0.007751, 0.000313, 0.001094, 0.012153, 0.000421, 0.005998, 0.019399, 0.035234, 0.027228, 0.049952, 0.046936, 0.033201, 0.031199, 0.005023, 0.0019, 0.016677, 0.035307, 0.0, 0.233612, 0.012717, 2.4e-05, 0.034109, 0.056189], [0.084469, 0.044928, 0.052472, 0.051632, 0.090196, 8e-06, 0.004787, 0.041926, 0.022321, 0.152274, 0.155989, 0.031935, 0.004372, 0.034275, 0.116357, 0.389621, 0.003874, 0.077338, 0.000251, 0.003987, 0.002462, 0.062823, 0.0133, 0.011108, 0.007397, 0.001641, 0.005929, 0.017116, 0.00087, 0.008745, 0.002452, 0.000153, 0.002262, 0.06981, 0.029088, 0.001547, 0.010453, 0.02407, 0.013124, 0.065145, 0.103226, 0.149951, 0.002693, 0.086128, 0.233612, 0.0, 0.010567, 0.009797, 0.000933, 0.144531], [0.013107, 0.024786, 0.003316, 0.024573, 0.035233, 0.004442, 0.007937, 0.038451, 0.004498, 9e-06, 0.001003, 0.001012, 0.000889, 0.008667, 0.05137, 0.013563, 0.00108, 0.005823, 0.000463, 0.000278, 0.045642, 0.057902, 0.024828, 0.06609, 0.008013, 0.010868, 0.027674, 0.059967, 0.022815, 0.153165, 0.118929, 0.144657, 0.01754, 0.000189, 0.027074, 0.053959, 0.043142, 0.045463, 0.038545, 0.028239, 0.004523, 0.001157, 0.021227, 0.013379, 0.012717, 0.010567, 0.0, 0.169861, 0.039509, 0.007459], [0.001917, 0.077998, 0.001912, 0.016042, 0.005391, 0.013563, 0.005098, 0.007761, 0.007897, 0.009363, 0.029391, 0.075707, 0.035679, 0.027684, 0.004598, 0.00079, 0.149731, 0.002057, 0.002922, 0.014368, 8e-05, 0.015177, 0.059575, 0.00065, 0.049005, 0.005491, 0.009185, 0.051516, 0.04897, 0.13932, 0.104445, 0.1707, 0.089359, 0.0, 0.001117, 0.004398, 0.001181, 1.2e-05, 0.003588, 0.004826, 0.001348, 0.002259, 0.039546, 0.003906, 2.4e-05, 0.009797, 0.169861, 0.0, 0.065206, 0.00155], [0.308147, 0.008524, 0.010175, 9.2e-05, 0.042283, 0.010135, 0.004358, 0.020754, 0.085403, 0.038579, 0.022621, 0.000641, 0.001564, 0.000693, 0.000894, 0.042445, 0.013794, 0.000471, 0.049361, 0.01698, 0.002073, 0.00864, 0.026626, 0.020256, 0.008313, 0.001232, 0.051354, 0.03282, 0.025271, 0.002721, 0.011477, 0.153199, 0.046756, 0.037527, 0.055872, 0.034413, 0.044082, 0.040633, 0.000508, 0.022934, 0.02618, 0.008019, 0.00186, 0.238971, 0.034109, 0.000933, 0.039509, 0.065206, 0.0, 0.126146], [0.210672, 0.000542, 0.017124, 0.110733, 0.151228, 0.000142, 0.010124, 0.152861, 0.194752, 0.025386, 0.006049, 0.0001, 0.000235, 0.003447, 0.026995, 0.124899, 0.044989, 0.012711, 0.135016, 0.005759, 0.00475, 0.348157, 0.167521, 0.190801, 0.009819, 0.005214, 0.013218, 0.005263, 0.001682, 9.8e-05, 0.003748, 0.046169, 0.019879, 0.032334, 0.00051, 0.017459, 0.010089, 0.018316, 0.035854, 0.00248, 0.343083, 0.266741, 0.001031, 0.224464, 0.056189, 0.144531, 0.007459, 0.00155, 0.126146, 0.0]].095839, 0.0]]