[[0.0, 1.758116, 0.24526, 0.344162, 0.52087, 0.430805, 0.389974, 0.363867, 0.297233, 0.322042, 0.31959, 0.313173, 0.348859, 0.339783, 0.204647, 0.001495, 0.049231, 0.010712, 0.00061, 0.214376, 0.223731, 0.217801, 0.070215, 0.514439, 0.346811, 0.237153, 0.427204, 0.417179, 0.247202, 0.00511, 0.52767, 3e-06, 0.177529, 0.227873, 0.184436, 0.386076, 0.44195, 0.180056, 0.293259, 0.351063, 0.301999, 0.025724, 0.011744, 0.003468, 0.495608, 0.391058, 0.208977, 0.012177, 0.20412, 0.01238], [1.758116, 0.0, 0.208567, 0.296105, 0.357751, 0.300954, 0.268796, 0.250794, 0.214413, 0.249927, 0.248113, 0.241666, 0.339101, 0.239806, 0.139937, 0.006337, 0.025525, 0.003766, 0.0, 0.152895, 0.15962, 0.154863, 0.055904, 0.385926, 0.246878, 0.220656, 0.337361, 0.3402, 0.196589, 0.005162, 0.407953, 0.000664, 0.114035, 0.17814, 0.11262, 0.302152, 0.386723, 0.140682, 0.257091, 0.265365, 0.231255, 0.020781, 0.008862, 0.013455, 0.388998, 0.329855, 0.144989, 0.002977, 0.18452, 0.004404], [0.24526, 0.208567, 0.0, 0.073025, 0.089994, 0.069424, 0.056195, 0.048646, 0.092176, 0.18925, 0.195482, 0.184466, 0.25047, 0.22851, 0.223095, 0.040634, 0.042425, 0.000281, 0.023527, 0.006009, 0.007385, 0.006114, 0.050428, 0.237171, 0.126474, 0.052238, 0.15545, 0.152137, 0.177698, 0.000499, 0.076281, 0.00655, 0.2203, 0.08801, 0.046224, 0.173268, 0.363083, 0.295232, 0.137112, 0.172539, 0.182109, 0.018866, 0.03006, 0.002076, 0.244785, 0.293079, 0.093407, 4.3e-05, 0.319547, 0.155475], [0.344162, 0.296105, 0.073025, 0.0, 0.407874, 0.487259, 0.371582, 0.329496, 0.357489, 0.216479, 0.217808, 0.197214, 0.187987, 0.085188, 0.133375, 0.000109, 0.000892, 0.001163, 0.009081, 0.175302, 0.172266, 0.170384, 0.064777, 0.303602, 0.29875, 0.122198, 0.196814, 0.191243, 0.155434, 0.083422, 0.389968, 0.005717, 0.102223, 0.198981, 0.326263, 0.221858, 0.158033, 0.046698, 0.221802, 0.268356, 0.15109, 0.004853, 0.008162, 0.000265, 0.231533, 0.266856, 0.211841, 0.024965, 0.117133, 0.008656], [0.52087, 0.357751, 0.089994, 0.407874, 0.0, 1.5234, 1.344398, 1.142739, 0.593561, 0.375677, 0.374425, 0.373815, 0.182141, 0.453275, 0.23315, 0.006976, 0.12237, 0.055854, 0.0153, 0.365111, 0.379006, 0.375237, 0.083523, 0.429193, 0.495015, 0.199828, 0.387224, 0.361634, 0.301806, 0.009256, 1.153421, 0.006587, 0.328128, 0.16636, 0.521733, 0.311851, 0.222316, 0.130753, 0.373391, 0.582633, 0.418315, 0.0032, 7.4e-05, 0.006479, 0.336529, 0.230533, 0.315935, 0.094695, 0.06918, 0.01354], [0.430805, 0.300954, 0.069424, 0.487259, 1.5234, 0.0, 1.91709, 1.585391, 0.83975, 0.424689, 0.424866, 0.424268, 0.156213, 0.348258, 0.192843, 0.008537, 0.094853, 0.036663, 0.006739, 0.388092, 0.39613, 0.390213, 0.070382, 0.502154, 0.476461, 0.196641, 0.384974, 0.367291, 0.334771, 0.008739, 1.03113, 0.017117, 0.357179, 0.184525, 0.557004, 0.284309, 0.192695, 0.119282, 0.37778, 0.52853, 0.393791, 0.003009, 1e-05, 0.002651, 0.307647, 0.229427, 0.317485, 0.086773, 0.070313, 0.011829], [0.389974, 0.268796, 0.056195, 0.371582, 1.344398, 1.91709, 0.0, 2.535685, 0.91161, 0.387347, 0.386011, 0.394657, 0.121315, 0.369368, 0.171969, 0.013487, 0.134748, 0.060837, 0.019198, 0.385148, 0.39596, 0.391351, 0.060136, 0.500994, 0.386824, 0.203436, 0.374512, 0.353789, 0.274944, 0.003189, 0.947199, 0.030324, 0.3588, 0.18175, 0.515653, 0.312799, 0.189477, 0.118321, 0.350637, 0.534488, 0.429386, 0.007062, 0.000112, 0.0001, 0.29033, 0.192142, 0.304192, 0.096882, 0.042911, 0.003334], [0.363867, 0.250794, 0.048646, 0.329496, 1.142739, 1.585391, 2.535685, 0.0, 0.957892, 0.367892, 0.365801, 0.377494, 0.104974, 0.349636, 0.169485, 0.015506, 0.141821, 0.064005, 0.022324, 0.402975, 0.414626, 0.409914, 0.054225, 0.514077, 0.344141, 0.212621, 0.388591, 0.366803, 0.265902, 0.001498, 0.854104, 0.041424, 0.372438, 0.183319, 0.478546, 0.318703, 0.182718, 0.117061, 0.340914, 0.518074, 0.428249, 0.009683, 0.000385, 2e-06, 0.279519, 0.178167, 0.297024, 0.098295, 0.037556, 0.002183], [0.297233, 0.214413, 0.092176, 0.357489, 0.593561, 0.83975, 0.91161, 0.957892, 0.0, 0.271397, 0.273454, 0.278142, 0.065795, 0.195234, 0.124107, 0.04188, 0.101567, 0.046252, 0.014696, 0.229971, 0.231795, 0.228781, 0.110164, 0.473452, 0.186251, 0.131399, 0.244748, 0.241718, 0.191041, 0.003381, 0.433846, 0.032498, 0.313118, 0.149847, 0.303338, 0.352842, 0.136459, 0.090796, 0.318281, 0.542172, 0.339018, 0.010468, 0.000421, 0.005532, 0.193858, 0.208499, 0.281425, 0.085009, 0.045489, 0.003352], [0.322042, 0.249927, 0.18925, 0.216479, 0.375677, 0.424689, 0.387347, 0.367892, 0.271397, 0.0, 3.72605, 2.997034, 0.337862, 0.201844, 0.292651, 0.013007, 0.033684, 0.00029, 0.018449, 0.310734, 0.311554, 0.296487, 0.034709, 0.471299, 0.490196, 0.276787, 0.538879, 0.581681, 0.651766, 0.003018, 0.389383, 0.028783, 0.457189, 0.175212, 0.469469, 0.106201, 0.308903, 0.341305, 0.118884, 0.164699, 0.322106, 0.032218, 0.040736, 7.5e-05, 0.277142, 0.423531, 0.247225, 0.025719, 0.266961, 0.178534], [0.31959, 0.248113, 0.195482, 0.217808, 0.374425, 0.424866, 0.386011, 0.365801, 0.273454, 3.72605, 0.0, 2.873578, 0.34661, 0.205839, 0.291778, 0.012834, 0.032986, 0.000475, 0.020683, 0.298886, 0.299655, 0.285284, 0.034431, 0.468294, 0.4917, 0.277523, 0.533829, 0.578644, 0.671217, 0.003384, 0.391119, 0.027112, 0.46533, 0.172197, 0.468943, 0.107478, 0.313458, 0.35153, 0.123093, 0.168764, 0.324998, 0.031372, 0.040569, 3.9e-05, 0.280854, 0.431735, 0.25165, 0.026835, 0.264525, 0.181655], [0.313173, 0.241666, 0.184466, 0.197214, 0.373815, 0.424268, 0.394657, 0.377494, 0.278142, 2.997034, 2.873578, 0.0, 0.308288, 0.209594, 0.287389, 0.015181, 0.042968, 2.8e-05, 0.013088, 0.303305, 0.304771, 0.289694, 0.034709, 0.469318, 0.477368, 0.264648, 0.525235, 0.572367, 0.641505, 0.002377, 0.382509, 0.037381, 0.468519, 0.174181, 0.463838, 0.108248, 0.303901, 0.338864, 0.117767, 0.165377, 0.343575, 0.036632, 0.043552, 6.2e-05, 0.273104, 0.411109, 0.245918, 0.026522, 0.251789, 0.167331], [0.348859, 0.339101, 0.25047, 0.187987, 0.182141, 0.156213, 0.121315, 0.104974, 0.065795, 0.337862, 0.34661, 0.308288, 0.0, 0.201117, 0.216114, 0.010523, 0.002116, 0.062229, 0.139715, 0.070909, 0.073004, 0.070541, 0.004105, 0.237806, 0.206161, 0.46633, 0.393382, 0.395381, 0.420421, 0.003579, 0.311714, 0.043096, 0.164972, 0.058041, 0.137909, 0.103421, 0.517498, 0.428056, 0.209949, 0.199474, 0.146853, 0.004861, 2e-06, 0.002477, 0.263031, 0.268915, 0.118346, 0.006058, 0.204861, 0.139398], [0.339783, 0.239806, 0.22851, 0.085188, 0.453275, 0.348258, 0.369368, 0.349636, 0.195234, 0.201844, 0.205839, 0.209594, 0.201117, 0.0, 0.171758, 0.007166, 0.233874, 0.072285, 0.005806, 0.088995, 0.10042, 0.097307, 0.001877, 0.352065, 0.369103, 0.119472, 0.296891, 0.259709, 0.241226, 1e-06, 0.460932, 0.003408, 0.341989, 0.190051, 0.171918, 0.316585, 0.456676, 0.226863, 0.334504, 0.376335, 0.424309, 0.020638, 0.015111, 5.6e-05, 0.551671, 0.151053, 0.187103, 0.043525, 0.047516, 0.009382], [0.204647, 0.139937, 0.223095, 0.133375, 0.23315, 0.192843, 0.171969, 0.169485, 0.124107, 0.292651, 0.291778, 0.287389, 0.216114, 0.171758, 0.0, 0.008264, 0.064674, 0.001306, 0.00357, 0.165527, 0.171025, 0.168447, 0.057461, 0.277762, 0.203156, 0.272578, 0.462819, 0.513568, 0.32978, 0.016484, 0.18257, 0.016365, 0.411929, 0.105877, 0.304229, 0.268055, 0.303606, 0.44675, 0.132345, 0.253208, 0.370871, 0.002431, 0.000879, 0.008161, 0.276319, 0.308165, 0.233476, 0.038817, 0.241927, 0.199209], [0.001495, 0.006337, 0.040634, 0.000109, 0.006976, 0.008537, 0.013487, 0.015506, 0.04188, 0.013007, 0.012834, 0.015181, 0.010523, 0.007166, 0.008264, 0.0, 0.191282, 0.165401, 0.093155, 0.001805, 0.002839, 0.002518, 0.031113, 4.9e-05, 1e-05, 0.002141, 0.002831, 0.001145, 0.004082, 0.003717, 0.000891, 0.000576, 0.071898, 0.000207, 0.010407, 9e-06, 0.014926, 0.00378, 0.033997, 0.025356, 0.03074, 0.002938, 0.000628, 5.6e-05, 0.002982, 0.001539, 0.027376, 0.054641, 0.005123, 0.021487], [0.049231, 0.025525, 0.042425, 0.000892, 0.12237, 0.094853, 0.134748, 0.141821, 0.101567, 0.033684, 0.032986, 0.042968, 0.002116, 0.233874, 0.064674, 0.191282, 0.0, 0.797903, 0.39082, 0.020464, 0.0259, 0.026182, 0.0338, 0.044442, 0.056213, 0.001957, 0.032744, 0.029341, 0.01687, 0.023082, 0.071222, 0.029546, 0.118018, 0.027731, 0.089396, 0.10273, 0.088382, 0.024948, 0.119583, 0.106458, 0.223541, 0.038041, 0.008019, 0.016832, 0.065045, 0.015262, 0.070161, 0.051013, 0.001691, 0.006698], [0.010712, 0.003766, 0.000281, 0.001163, 0.055854, 0.036663, 0.060837, 0.064005, 0.046252, 0.00029, 0.000475, 2.8e-05, 0.062229, 0.072285, 0.001306, 0.165401, 0.797903, 0.0, 1.057976, 0.001184, 0.002479, 0.002706, 0.067905, 0.001587, 0.004033, 0.021212, 0.000381, 0.001448, 0.006526, 0.014823, 0.023592, 0.013075, 0.004622, 0.001117, 0.022018, 0.028824, 0.003714, 0.014384, 0.043896, 0.043524, 0.082191, 0.013683, 0.000371, 0.022793, 0.00081, 0.00324, 0.008318, 0.022832, 0.032466, 0.071176], [0.00061, 0.0, 0.023527, 0.009081, 0.0153, 0.006739, 0.019198, 0.022324, 0.014696, 0.018449, 0.020683, 0.013088, 0.139715, 0.005806, 0.00357, 0.093155, 0.39082, 1.057976, 0.0, 0.001047, 0.001854, 0.002315, 0.080191, 0.006375, 0.004593, 0.034886, 0.013403, 0.016812, 0.048678, 0.012119, 0.001531, 0.010153, 0.010019, 0.001912, 0.004642, 0.007539, 0.006281, 0.063994, 0.003238, 0.007544, 0.018414, 0.013421, 0.001571, 0.019441, 0.01175, 0.018182, 0.000616, 0.021554, 0.074331, 0.1184], [0.214376, 0.152895, 0.006009, 0.175302, 0.365111, 0.388092, 0.385148, 0.402975, 0.229971, 0.310734, 0.298886, 0.303305, 0.070909, 0.088995, 0.165527, 0.001805, 0.020464, 0.001184, 0.001047, 0.0, 3.304081, 3.032483, 0.019929, 0.248694, 0.350866, 0.226865, 0.435108, 0.39483, 0.207541, 0.007667, 0.286396, 0.03025, 0.237404, 0.257976, 0.364852, 0.110254, 0.09184, 0.06275, 0.039179, 0.085062, 0.088101, 0.091718, 0.066611, 0.074683, 0.210305, 0.210149, 0.343913, 0.147419, 0.049376, 0.056527], [0.223731, 0.15962, 0.007385, 0.172266, 0.379006, 0.39613, 0.39596, 0.414626, 0.231795, 0.311554, 0.299655, 0.304771, 0.073004, 0.10042, 0.171025, 0.002839, 0.0259, 0.002479, 0.001854, 3.304081, 0.0, 3.389383, 0.019095, 0.254206, 0.35881, 0.232438, 0.454511, 0.4093, 0.211717, 0.00742, 0.299959, 0.029627, 0.248733, 0.265836, 0.364679, 0.116783, 0.10129, 0.064432, 0.044432, 0.091436, 0.096421, 0.093912, 0.067263, 0.071921, 0.222231, 0.210999, 0.351734, 0.151453, 0.04751, 0.054114], [0.217801, 0.154863, 0.006114, 0.170384, 0.375237, 0.390213, 0.391351, 0.409914, 0.228781, 0.296487, 0.285284, 0.289694, 0.070541, 0.097307, 0.168447, 0.002518, 0.026182, 0.002706, 0.002315, 3.032483, 3.389383, 0.0, 0.02101, 0.241744, 0.349953, 0.234547, 0.442757, 0.398014, 0.204739, 0.007248, 0.297195, 0.025789, 0.239314, 0.25372, 0.371833, 0.117309, 0.09788, 0.064084, 0.043788, 0.090408, 0.091884, 0.095748, 0.068024, 0.074326, 0.217842, 0.209511, 0.360622, 0.162899, 0.04197, 0.051944], [0.070215, 0.055904, 0.050428, 0.064777, 0.083523, 0.070382, 0.060136, 0.054225, 0.110164, 0.034709, 0.034431, 0.034709, 0.004105, 0.001877, 0.057461, 0.031113, 0.0338, 0.067905, 0.080191, 0.019929, 0.019095, 0.02101, 0.0, 0.016099, 0.016077, 0.003693, 0.014056, 0.016737, 0.036272, 0.008554, 0.045369, 0.023866, 0.002093, 0.00434, 0.11421, 0.035095, 0.002094, 0.010346, 0.031793, 0.09007, 0.044724, 0.008363, 0.000184, 0.000105, 4.4e-05, 0.113805, 0.078121, 0.049886, 0.034865, 0.035892], [0.514439, 0.385926, 0.237171, 0.303602, 0.429193, 0.502154, 0.500994, 0.514077, 0.473452, 0.471299, 0.468294, 0.469318, 0.237806, 0.352065, 0.277762, 4.9e-05, 0.044442, 0.001587, 0.006375, 0.248694, 0.254206, 0.241744, 0.016099, 0.0, 0.344997, 0.23156, 0.610147, 0.561803, 0.314251, 0.001731, 0.414456, 0.052044, 0.370666, 0.422344, 0.245975, 0.443161, 0.391206, 0.277976, 0.208183, 0.330544, 0.40904, 0.026386, 0.018984, 0.003001, 0.552496, 0.309161, 0.186728, 0.003586, 0.274297, 0.027159], [0.346811, 0.246878, 0.126474, 0.29875, 0.495015, 0.476461, 0.386824, 0.344141, 0.186251, 0.490196, 0.4917, 0.477368, 0.206161, 0.369103, 0.203156, 1e-05, 0.056213, 0.004033, 0.004593, 0.350866, 0.35881, 0.349953, 0.016077, 0.344997, 0.0, 0.095073, 0.339158, 0.313973, 0.41245, 0.018724, 0.427705, 0.002376, 0.301185, 0.343502, 0.507684, 0.13502, 0.24998, 0.150604, 0.128768, 0.120587, 0.181753, 0.059444, 0.073683, 0.043436, 0.551751, 0.37015, 0.336385, 0.053911, 0.171218, 0.092552], [0.237153, 0.220656, 0.052238, 0.122198, 0.199828, 0.196641, 0.203436, 0.212621, 0.131399, 0.276787, 0.277523, 0.264648, 0.46633, 0.119472, 0.272578, 0.002141, 0.001957, 0.021212, 0.034886, 0.226865, 0.232438, 0.234547, 0.003693, 0.23156, 0.095073, 0.0, 0.688761, 0.736921, 0.333805, 0.00633, 0.339104, 7e-06, 0.230857, 0.065462, 0.19226, 0.186577, 0.373508, 0.375535, 0.163976, 0.243719, 0.221865, 0.001698, 0.000908, 0.001457, 0.208794, 0.220008, 0.217619, 0.083295, 0.037709, 0.049503], [0.427204, 0.337361, 0.15545, 0.196814, 0.387224, 0.384974, 0.374512, 0.388591, 0.244748, 0.538879, 0.533829, 0.525235, 0.393382, 0.296891, 0.462819, 0.002831, 0.032744, 0.000381, 0.013403, 0.435108, 0.454511, 0.442757, 0.014056, 0.610147, 0.339158, 0.688761, 0.0, 1.966122, 0.624701, 0.016088, 0.505896, 0.01317, 0.487088, 0.283557, 0.320541, 0.29216, 0.551966, 0.36052, 0.202244, 0.300004, 0.402915, 0.039021, 0.033975, 0.001791, 0.49754, 0.414622, 0.357766, 0.07259, 0.151546, 0.101549], [0.417179, 0.3402, 0.152137, 0.191243, 0.361634, 0.367291, 0.353789, 0.366803, 0.241718, 0.581681, 0.578644, 0.572367, 0.395381, 0.259709, 0.513568, 0.001145, 0.029341, 0.001448, 0.016812, 0.39483, 0.4093, 0.398014, 0.016737, 0.561803, 0.313973, 0.736921, 1.966122, 0.0, 0.690918, 0.023735, 0.469735, 0.023681, 0.5045, 0.251536, 0.320457, 0.295704, 0.527912, 0.406007, 0.193499, 0.301105, 0.453614, 0.036665, 0.030273, 2.1e-05, 0.469938, 0.462661, 0.36537, 0.07115, 0.158773, 0.10904], [0.247202, 0.196589, 0.177698, 0.155434, 0.301806, 0.334771, 0.274944, 0.265902, 0.191041, 0.651766, 0.671217, 0.641505, 0.420421, 0.241226, 0.32978, 0.004082, 0.01687, 0.006526, 0.048678, 0.207541, 0.211717, 0.204739, 0.036272, 0.314251, 0.41245, 0.333805, 0.624701, 0.690918, 0.0, 0.016197, 0.40705, 0.002462, 0.474064, 0.098598, 0.340583, 0.095871, 0.325789, 0.370804, 0.229951, 0.223575, 0.302825, 0.015266, 0.027487, 0.008273, 0.277551, 0.4191, 0.305539, 0.066723, 0.190378, 0.262646], [0.00511, 0.005162, 0.000499, 0.083422, 0.009256, 0.008739, 0.003189, 0.001498, 0.003381, 0.003018, 0.003384, 0.002377, 0.003579, 1e-06, 0.016484, 0.003717, 0.023082, 0.014823, 0.012119, 0.007667, 0.00742, 0.007248, 0.008554, 0.001731, 0.018724, 0.00633, 0.016088, 0.023735, 0.016197, 0.0, 0.014408, 0.0, 0.0005, 0.087405, 0.021934, 0.049242, 0.007387, 0.004789, 0.002327, 0.021432, 0.035452, 0.007149, 0.003546, 0.015081, 0.030897, 0.112837, 0.113903, 0.090048, 0.001982, 0.002551], [0.52767, 0.407953, 0.076281, 0.389968, 1.153421, 1.03113, 0.947199, 0.854104, 0.433846, 0.389383, 0.391119, 0.382509, 0.311714, 0.460932, 0.18257, 0.000891, 0.071222, 0.023592, 0.001531, 0.286396, 0.299959, 0.297195, 0.045369, 0.414456, 0.427705, 0.339104, 0.505896, 0.469735, 0.40705, 0.014408, 0.0, 0.000122, 0.271852, 0.143639, 0.442999, 0.260261, 0.319487, 0.154464, 0.465027, 0.566284, 0.440194, 0.000488, 0.000482, 4.5e-05, 0.343537, 0.226138, 0.277928, 0.08235, 0.050532, 0.00794], [3e-06, 0.000664, 0.00655, 0.005717, 0.006587, 0.017117, 0.030324, 0.041424, 0.032498, 0.028783, 0.027112, 0.037381, 0.043096, 0.003408, 0.016365, 0.000576, 0.029546, 0.013075, 0.010153, 0.03025, 0.029627, 0.025789, 0.023866, 0.052044, 0.002376, 7e-06, 0.01317, 0.023681, 0.002462, 0.0, 0.000122, 0.0, 0.062393, 0.050779, 0.00144, 0.020679, 0.003688, 0.004732, 0.009363, 0.000267, 0.066535, 0.029765, 0.008367, 0.053055, 0.009064, 8.3e-05, 0.000225, 0.011732, 0.007119, 0.010123], [0.177529, 0.114035, 0.2203, 0.102223, 0.328128, 0.357179, 0.3588, 0.372438, 0.313118, 0.457189, 0.46533, 0.468519, 0.164972, 0.341989, 0.411929, 0.071898, 0.118018, 0.004622, 0.010019, 0.237404, 0.248733, 0.239314, 0.002093, 0.370666, 0.301185, 0.230857, 0.487088, 0.5045, 0.474064, 0.0005, 0.271852, 0.062393, 0.0, 0.176014, 0.246091, 0.20506, 0.310175, 0.343659, 0.232951, 0.284293, 0.384978, 0.02583, 0.025064, 0.00585, 0.36095, 0.241375, 0.299471, 0.081239, 0.107683, 0.142553], [0.227873, 0.17814, 0.08801, 0.198981, 0.16636, 0.184525, 0.18175, 0.183319, 0.149847, 0.175212, 0.172197, 0.174181, 0.058041, 0.190051, 0.105877, 0.000207, 0.027731, 0.001117, 0.001912, 0.257976, 0.265836, 0.25372, 0.00434, 0.422344, 0.343502, 0.065462, 0.283557, 0.251536, 0.098598, 0.087405, 0.143639, 0.050779, 0.176014, 0.0, 0.12874, 0.308882, 0.240434, 0.046143, 0.027332, 0.074089, 0.153683, 0.147007, 0.129241, 0.000132, 0.60357, 0.275413, 0.254874, 0.031828, 0.076483, 0.005729], [0.184436, 0.11262, 0.046224, 0.326263, 0.521733, 0.557004, 0.515653, 0.478546, 0.303338, 0.469469, 0.468943, 0.463838, 0.137909, 0.171918, 0.304229, 0.010407, 0.089396, 0.022018, 0.004642, 0.364852, 0.364679, 0.371833, 0.11421, 0.245975, 0.507684, 0.19226, 0.320541, 0.320457, 0.340583, 0.021934, 0.442999, 0.00144, 0.246091, 0.12874, 0.0, 0.156794, 0.171932, 0.185869, 0.124115, 0.200788, 0.25838, 0.02045, 0.015079, 0.014567, 0.223882, 0.334594, 0.471875, 0.171509, 0.061444, 0.079635], [0.386076, 0.302152, 0.173268, 0.221858, 0.311851, 0.284309, 0.312799, 0.318703, 0.352842, 0.106201, 0.107478, 0.108248, 0.103421, 0.316585, 0.268055, 9e-06, 0.10273, 0.028824, 0.007539, 0.110254, 0.116783, 0.117309, 0.035095, 0.443161, 0.13502, 0.186577, 0.29216, 0.295704, 0.095871, 0.049242, 0.260261, 0.020679, 0.20506, 0.308882, 0.156794, 0.0, 0.340397, 0.191438, 0.192156, 0.504111, 0.449362, 0.035564, 0.008309, 0.034002, 0.541341, 0.302891, 0.310454, 0.071485, 0.039923, 0.00037], [0.44195, 0.386723, 0.363083, 0.158033, 0.222316, 0.192695, 0.189477, 0.182718, 0.136459, 0.308903, 0.313458, 0.303901, 0.517498, 0.456676, 0.303606, 0.014926, 0.088382, 0.003714, 0.006281, 0.09184, 0.10129, 0.09788, 0.002094, 0.391206, 0.24998, 0.373508, 0.551966, 0.527912, 0.325789, 0.007387, 0.319487, 0.003688, 0.310175, 0.240434, 0.171932, 0.340397, 0.0, 0.375354, 0.301494, 0.299762, 0.404808, 0.017746, 0.020431, 0.012238, 0.600811, 0.361503, 0.261953, 0.035687, 0.111465, 0.048383], [0.180056, 0.140682, 0.295232, 0.046698, 0.130753, 0.119282, 0.118321, 0.117061, 0.090796, 0.341305, 0.35153, 0.338864, 0.428056, 0.226863, 0.44675, 0.00378, 0.024948, 0.014384, 0.063994, 0.06275, 0.064432, 0.064084, 0.010346, 0.277976, 0.150604, 0.375535, 0.36052, 0.406007, 0.370804, 0.004789, 0.154464, 0.004732, 0.343659, 0.046143, 0.185869, 0.191438, 0.375354, 0.0, 0.11457, 0.166062, 0.241163, 0.014116, 0.024466, 0.00048, 0.290842, 0.278811, 0.146229, 0.014372, 0.188137, 0.1662], [0.293259, 0.257091, 0.137112, 0.221802, 0.373391, 0.37778, 0.350637, 0.340914, 0.318281, 0.118884, 0.123093, 0.117767, 0.209949, 0.334504, 0.132345, 0.033997, 0.119583, 0.043896, 0.003238, 0.039179, 0.044432, 0.043788, 0.031793, 0.208183, 0.128768, 0.163976, 0.202244, 0.193499, 0.229951, 0.002327, 0.465027, 0.009363, 0.232951, 0.027332, 0.124115, 0.192156, 0.301494, 0.11457, 0.0, 0.620185, 0.312896, 0.030239, 0.044694, 0.003746, 0.176359, 0.079128, 0.104195, 0.021795, 0.036843, 0.001279], [0.351063, 0.265365, 0.172539, 0.268356, 0.582633, 0.52853, 0.534488, 0.518074, 0.542172, 0.164699, 0.168764, 0.165377, 0.199474, 0.376335, 0.253208, 0.025356, 0.106458, 0.043524, 0.007544, 0.085062, 0.091436, 0.090408, 0.09007, 0.330544, 0.120587, 0.243719, 0.300004, 0.301105, 0.223575, 0.021432, 0.566284, 0.000267, 0.284293, 0.074089, 0.200788, 0.504111, 0.299762, 0.166062, 0.620185, 0.0, 0.60214, 0.007841, 0.027926, 0.009836, 0.225166, 0.182118, 0.238102, 0.088971, 0.034424, 0.006408], [0.301999, 0.231255, 0.182109, 0.15109, 0.418315, 0.393791, 0.429386, 0.428249, 0.339018, 0.322106, 0.324998, 0.343575, 0.146853, 0.424309, 0.370871, 0.03074, 0.223541, 0.082191, 0.018414, 0.088101, 0.096421, 0.091884, 0.044724, 0.40904, 0.181753, 0.221865, 0.402915, 0.453614, 0.302825, 0.035452, 0.440194, 0.066535, 0.384978, 0.153683, 0.25838, 0.449362, 0.404808, 0.241163, 0.312896, 0.60214, 0.0, 0.00561, 2.1e-05, 0.07779, 0.311887, 0.241568, 0.2219, 0.044077, 0.063341, 0.008189], [0.025724, 0.020781, 0.018866, 0.004853, 0.0032, 0.003009, 0.007062, 0.009683, 0.010468, 0.032218, 0.031372, 0.036632, 0.004861, 0.020638, 0.002431, 0.002938, 0.038041, 0.013683, 0.013421, 0.091718, 0.093912, 0.095748, 0.008363, 0.026386, 0.059444, 0.001698, 0.039021, 0.036665, 0.015266, 0.007149, 0.000488, 0.029765, 0.02583, 0.147007, 0.02045, 0.035564, 0.017746, 0.014116, 0.030239, 0.007841, 0.00561, 0.0, 1.253422, 0.000538, 0.090104, 0.138565, 0.13383, 0.081294, 0.000352, 0.009368], [0.011744, 0.008862, 0.03006, 0.008162, 7.4e-05, 1e-05, 0.000112, 0.000385, 0.000421, 0.040736, 0.040569, 0.043552, 2e-06, 0.015111, 0.000879, 0.000628, 0.008019, 0.000371, 0.001571, 0.066611, 0.067263, 0.068024, 0.000184, 0.018984, 0.073683, 0.000908, 0.033975, 0.030273, 0.027487, 0.003546, 0.000482, 0.008367, 0.025064, 0.129241, 0.015079, 0.008309, 0.020431, 0.024466, 0.044694, 0.027926, 2.1e-05, 1.253422, 0.0, 0.003834, 0.08524, 0.137252, 0.107504, 0.054724, 0.005854, 0.045153], [0.003468, 0.013455, 0.002076, 0.000265, 0.006479, 0.002651, 0.0001, 2e-06, 0.005532, 7.5e-05, 3.9e-05, 6.2e-05, 0.002477, 5.6e-05, 0.008161, 5.6e-05, 0.016832, 0.022793, 0.019441, 0.074683, 0.071921, 0.074326, 0.000105, 0.003001, 0.043436, 0.001457, 0.001791, 2.1e-05, 0.008273, 0.015081, 4.5e-05, 0.053055, 0.00585, 0.000132, 0.014567, 0.034002, 0.012238, 0.00048, 0.003746, 0.009836, 0.07779, 0.000538, 0.003834, 0.0, 1.4e-05, 0.000542, 0.007424, 0.023061, 0.012914, 0.158223], [0.495608, 0.388998, 0.244785, 0.231533, 0.336529, 0.307647, 0.29033, 0.279519, 0.193858, 0.277142, 0.280854, 0.273104, 0.263031, 0.551671, 0.276319, 0.002982, 0.065045, 0.00081, 0.01175, 0.210305, 0.222231, 0.217842, 4.4e-05, 0.552496, 0.551751, 0.208794, 0.49754, 0.469938, 0.277551, 0.030897, 0.343537, 0.009064, 0.36095, 0.60357, 0.223882, 0.541341, 0.600811, 0.290842, 0.176359, 0.225166, 0.311887, 0.090104, 0.08524, 1.4e-05, 0.0, 0.454176, 0.367997, 0.047621, 0.123804, 0.02498], [0.391058, 0.329855, 0.293079, 0.266856, 0.230533, 0.229427, 0.192142, 0.178167, 0.208499, 0.423531, 0.431735, 0.411109, 0.268915, 0.151053, 0.308165, 0.001539, 0.015262, 0.00324, 0.018182, 0.210149, 0.210999, 0.209511, 0.113805, 0.309161, 0.37015, 0.220008, 0.414622, 0.462661, 0.4191, 0.112837, 0.226138, 8.3e-05, 0.241375, 0.275413, 0.334594, 0.302891, 0.361503, 0.278811, 0.079128, 0.182118, 0.241568, 0.138565, 0.137252, 0.000542, 0.454176, 0.0, 0.681562, 0.131445, 0.169056, 0.16552], [0.208977, 0.144989, 0.093407, 0.211841, 0.315935, 0.317485, 0.304192, 0.297024, 0.281425, 0.247225, 0.25165, 0.245918, 0.118346, 0.187103, 0.233476, 0.027376, 0.070161, 0.008318, 0.000616, 0.343913, 0.351734, 0.360622, 0.078121, 0.186728, 0.336385, 0.217619, 0.357766, 0.36537, 0.305539, 0.113903, 0.277928, 0.000225, 0.299471, 0.254874, 0.471875, 0.310454, 0.261953, 0.146229, 0.104195, 0.238102, 0.2219, 0.13383, 0.107504, 0.007424, 0.367997, 0.681562, 0.0, 0.565625, 0.013313, 0.091217], [0.012177, 0.002977, 4.3e-05, 0.024965, 0.094695, 0.086773, 0.096882, 0.098295, 0.085009, 0.025719, 0.026835, 0.026522, 0.006058, 0.043525, 0.038817, 0.054641, 0.051013, 0.022832, 0.021554, 0.147419, 0.151453, 0.162899, 0.049886, 0.003586, 0.053911, 0.083295, 0.07259, 0.07115, 0.066723, 0.090048, 0.08235, 0.011732, 0.081239, 0.031828, 0.171509, 0.071485, 0.035687, 0.014372, 0.021795, 0.088971, 0.044077, 0.081294, 0.054724, 0.023061, 0.047621, 0.131445, 0.565625, 0.0, 0.06822, 0.028854], [0.20412, 0.18452, 0.319547, 0.117133, 0.06918, 0.070313, 0.042911, 0.037556, 0.045489, 0.266961, 0.264525, 0.251789, 0.204861, 0.047516, 0.241927, 0.005123, 0.001691, 0.032466, 0.074331, 0.049376, 0.04751, 0.04197, 0.034865, 0.274297, 0.171218, 0.037709, 0.151546, 0.158773, 0.190378, 0.001982, 0.050532, 0.007119, 0.107683, 0.076483, 0.061444, 0.039923, 0.111465, 0.188137, 0.036843, 0.034424, 0.063341, 0.000352, 0.005854, 0.012914, 0.123804, 0.169056, 0.013313, 0.06822, 0.0, 0.216065], [0.01238, 0.004404, 0.155475, 0.008656, 0.01354, 0.011829, 0.003334, 0.002183, 0.003352, 0.178534, 0.181655, 0.167331, 0.139398, 0.009382, 0.199209, 0.021487, 0.006698, 0.071176, 0.1184, 0.056527, 0.054114, 0.051944, 0.035892, 0.027159, 0.092552, 0.049503, 0.101549, 0.10904, 0.262646, 0.002551, 0.00794, 0.010123, 0.142553, 0.005729, 0.079635, 0.00037, 0.048383, 0.1662, 0.001279, 0.006408, 0.008189, 0.009368, 0.045153, 0.158223, 0.02498, 0.16552, 0.091217, 0.028854, 0.216065, 0.0]]