[[0.0, 0.011946, 0.155993, 0.30619, 0.449366, 0.823746, 0.143405, 0.344287, 0.547285, 0.505846, 0.076927, 0.158035, 0.182228, 0.711491, 0.150157, 0.503657, 0.343063, 0.221089, 0.246926, 0.536286, 0.215171, 0.550034, 0.90806, 0.920199, 0.243462, 0.640223, 0.039468, 0.497946, 0.204067, 0.494649, 0.033072, 0.31503, 0.455618, 0.783249, 0.965466, 0.309932, 0.455795, 0.36495, 0.920089, 0.228442, 0.468127, 0.371097, 0.129418, 0.1342, 0.062576, 0.692113, 0.251502, 0.357232, 0.229751, 0.099336, 0.0, 0.0, 0.0, 0.0, 0.0, 0.0, 0.0, 0.0, 0.0, 0.0, 0.0, 0.0, 0.0, 0.0, 0.0, 0.0, 0.0, 0.0, 0.0, 0.0, 0.0, 0.0, 0.0, 0.0, 0.0, 0.0, 0.0, 0.0, 0.0, 0.0, 0.0, 0.0, 0.0, 0.0, 0.0, 0.0, 0.0, 0.0, 0.0, 0.0, 0.0, 0.0, 0.0, 0.0, 0.0, 0.0, 0.0, 0.0, 0.0, 0.0, 0.0, 0.0, 0.0, 0.0, 0.0, 0.0, 0.0, 0.0, 0.0, 0.0, 0.0, 0.0, 0.0, 0.0, 0.0, 0.0, 0.0, 0.0, 0.0, 0.0, 0.0, 0.0, 0.0, 0.0, 0.0, 0.0, 0.0, 0.0, 0.0, 0.0, 0.0, 0.0, 0.0, 0.0, 0.0, 0.0, 0.0, 0.0, 0.0, 0.0, 0.0, 0.0, 0.0, 0.0, 0.0, 0.0], [0.011946, 0.0, 0.937597, 0.377152, 0.53134, 0.485075, 0.430694, 0.627704, 0.79518, 0.728861, 0.178942, 0.785286, 0.605336, 0.816361, 0.59495, 0.586969, 0.769475, 0.375954, 0.772, 0.728917, 0.561458, 0.815148, 0.037505, 0.059907, 0.199557, 0.693049, 0.646604, 0.664432, 0.646738, 0.467221, 0.345504, 0.79101, 0.563045, 0.548939, 0.850543, 0.391134, 0.629062, 0.635273, 0.800412, 0.904613, 0.424806, 0.208458, 0.296856, 0.384343, 0.999729, 0.855114, 0.459545, 0.614531, 0.196168, 0.320129, 0.0, 0.0, 0.0, 0.0, 0.0, 0.0, 0.0, 0.0, 0.0, 0.0, 0.0, 0.0, 0.0, 0.0, 0.0, 0.0, 0.0, 0.0, 0.0, 0.0, 0.0, 0.0, 0.0, 0.0, 0.0, 0.0, 0.0, 0.0, 0.0, 0.0, 0.0, 0.0, 0.0, 0.0, 0.0, 0.0, 0.0, 0.0, 0.0, 0.0, 0.0, 0.0, 0.0, 0.0, 0.0, 0.0, 0.0, 0.0, 0.0, 0.0, 0.0, 0.0, 0.0, 0.0, 0.0, 0.0, 0.0, 0.0, 0.0, 0.0, 0.0, 0.0, 0.0, 0.0, 0.0, 0.0, 0.0, 0.0, 0.0, 0.0, 0.0, 0.0, 0.0, 0.0, 0.0, 0.0, 0.0, 0.0, 0.0, 0.0, 0.0, 0.0, 0.0, 0.0, 0.0, 0.0, 0.0, 0.0, 0.0, 0.0, 0.0, 0.0, 0.0, 0.0, 0.0, 0.0], [0.155993, 0.937597, 0.0, 0.738782, 0.494804, 0.396042, 0.898794, 0.302307, 0.139168, 0.096601, 0.672218, 0.592944, 0.231119, 0.693725, 0.549389, 0.267219, 0.432917, 0.584477, 0.533992, 0.570755, 0.560956, 0.651068, 0.621045, 0.373986, 0.872775, 0.478849, 0.431871, 0.070499, 0.496501, 0.431637, 0.345155, 0.627358, 0.309537, 0.675945, 0.286041, 0.297755, 0.084513, 0.619195, 0.451288, 0.428614, 0.705948, 0.304614, 0.573311, 0.819194, 0.440437, 0.789006, 0.616029, 0.681666, 0.352943, 0.266664, 0.0, 0.0, 0.0, 0.0, 0.0, 0.0, 0.0, 0.0, 0.0, 0.0, 0.0, 0.0, 0.0, 0.0, 0.0, 0.0, 0.0, 0.0, 0.0, 0.0, 0.0, 0.0, 0.0, 0.0, 0.0, 0.0, 0.0, 0.0, 0.0, 0.0, 0.0, 0.0, 0.0, 0.0, 0.0, 0.0, 0.0, 0.0, 0.0, 0.0, 0.0, 0.0, 0.0, 0.0, 0.0, 0.0, 0.0, 0.0, 0.0, 0.0, 0.0, 0.0, 0.0, 0.0, 0.0, 0.0, 0.0, 0.0, 0.0, 0.0, 0.0, 0.0, 0.0, 0.0, 0.0, 0.0, 0.0, 0.0, 0.0, 0.0, 0.0, 0.0, 0.0, 0.0, 0.0, 0.0, 0.0, 0.0, 0.0, 0.0, 0.0, 0.0, 0.0, 0.0, 0.0, 0.0, 0.0, 0.0, 0.0, 0.0, 0.0, 0.0, 0.0, 0.0, 0.0, 0.0], [0.30619, 0.377152, 0.738782, 0.0, 0.19888, 0.308923, 0.223217, 0.178702, 0.435121, 0.671993, 0.25059, 0.515519, 0.20959, 0.282657, 0.435898, 0.553824, 0.227443, 0.374701, 0.406075, 0.439666, 0.20592, 0.137606, 0.271478, 0.425336, 0.040039, 0.054329, 0.542595, 0.316807, 0.673639, 0.127324, 0.382005, 0.069748, 0.388641, 0.097501, 0.52719, 0.33469, 0.537082, 0.305982, 0.52722, 0.045508, 0.299229, 0.255676, 0.493799, 0.277805, 0.285641, 0.495771, 0.12782, 0.341653, 0.069164, 0.681329, 0.0, 0.0, 0.0, 0.0, 0.0, 0.0, 0.0, 0.0, 0.0, 0.0, 0.0, 0.0, 0.0, 0.0, 0.0, 0.0, 0.0, 0.0, 0.0, 0.0, 0.0, 0.0, 0.0, 0.0, 0.0, 0.0, 0.0, 0.0, 0.0, 0.0, 0.0, 0.0, 0.0, 0.0, 0.0, 0.0, 0.0, 0.0, 0.0, 0.0, 0.0, 0.0, 0.0, 0.0, 0.0, 0.0, 0.0, 0.0, 0.0, 0.0, 0.0, 0.0, 0.0, 0.0, 0.0, 0.0, 0.0, 0.0, 0.0, 0.0, 0.0, 0.0, 0.0, 0.0, 0.0, 0.0, 0.0, 0.0, 0.0, 0.0, 0.0, 0.0, 0.0, 0.0, 0.0, 0.0, 0.0, 0.0, 0.0, 0.0, 0.0, 0.0, 0.0, 0.0, 0.0, 0.0, 0.0, 0.0, 0.0, 0.0, 0.0, 0.0, 0.0, 0.0, 0.0, 0.0], [0.449366, 0.53134, 0.494804, 0.19888, 0.0, 0.668966, 0.380409, 0.242545, 0.536738, 0.150241, 0.04298, 0.642524, 0.880259, 0.706605, 0.688031, 0.097295, 0.518983, 0.342408, 0.36682, 0.342024, 0.254863, 0.591653, 0.561381, 0.228678, 0.504904, 0.886295, 0.44455, 0.294796, 0.315383, 0.603136, 0.080204, 0.371769, 0.385068, 0.692965, 0.93108, 0.899131, 0.37113, 0.638178, 0.492017, 0.104429, 0.774998, 0.224513, 0.555375, 0.543161, 0.050235, 0.119133, 0.462654, 0.144582, 0.386918, 0.371748, 0.0, 0.0, 0.0, 0.0, 0.0, 0.0, 0.0, 0.0, 0.0, 0.0, 0.0, 0.0, 0.0, 0.0, 0.0, 0.0, 0.0, 0.0, 0.0, 0.0, 0.0, 0.0, 0.0, 0.0, 0.0, 0.0, 0.0, 0.0, 0.0, 0.0, 0.0, 0.0, 0.0, 0.0, 0.0, 0.0, 0.0, 0.0, 0.0, 0.0, 0.0, 0.0, 0.0, 0.0, 0.0, 0.0, 0.0, 0.0, 0.0, 0.0, 0.0, 0.0, 0.0, 0.0, 0.0, 0.0, 0.0, 0.0, 0.0, 0.0, 0.0, 0.0, 0.0, 0.0, 0.0, 0.0, 0.0, 0.0, 0.0, 0.0, 0.0, 0.0, 0.0, 0.0, 0.0, 0.0, 0.0, 0.0, 0.0, 0.0, 0.0, 0.0, 0.0, 0.0, 0.0, 0.0, 0.0, 0.0, 0.0, 0.0, 0.0, 0.0, 0.0, 0.0, 0.0, 0.0], [0.823746, 0.485075, 0.396042, 0.308923, 0.668966, 0.0, 0.128575, 0.051298, 0.392352, 0.523671, 0.44368, 0.397696, 0.026108, 0.380072, 0.30032, 0.357146, 0.169059, 0.203643, 0.297445, 0.373458, 0.116368, 0.061295, 0.482425, 0.129157, 0.250009, 0.523678, 0.349402, 0.176644, 0.592822, 0.343816, 0.34472, 0.026441, 0.157416, 0.430676, 0.61609, 0.455252, 0.561734, 0.111369, 0.300712, 0.351366, 0.264443, 0.177945, 0.202623, 0.179243, 0.184127, 0.297903, 0.137468, 0.601855, 0.1264, 0.568675, 0.0, 0.0, 0.0, 0.0, 0.0, 0.0, 0.0, 0.0, 0.0, 0.0, 0.0, 0.0, 0.0, 0.0, 0.0, 0.0, 0.0, 0.0, 0.0, 0.0, 0.0, 0.0, 0.0, 0.0, 0.0, 0.0, 0.0, 0.0, 0.0, 0.0, 0.0, 0.0, 0.0, 0.0, 0.0, 0.0, 0.0, 0.0, 0.0, 0.0, 0.0, 0.0, 0.0, 0.0, 0.0, 0.0, 0.0, 0.0, 0.0, 0.0, 0.0, 0.0, 0.0, 0.0, 0.0, 0.0, 0.0, 0.0, 0.0, 0.0, 0.0, 0.0, 0.0, 0.0, 0.0, 0.0, 0.0, 0.0, 0.0, 0.0, 0.0, 0.0, 0.0, 0.0, 0.0, 0.0, 0.0, 0.0, 0.0, 0.0, 0.0, 0.0, 0.0, 0.0, 0.0, 0.0, 0.0, 0.0, 0.0, 0.0, 0.0, 0.0, 0.0, 0.0, 0.0, 0.0], [0.143405, 0.430694, 0.898794, 0.223217, 0.380409, 0.128575, 0.0, 0.569175, 0.489613, 0.037522, 0.186057, 0.615402, 0.086685, 0.842705, 0.748683, 0.184025, 0.670333, 0.590122, 0.594292, 0.499214, 0.554775, 0.77936, 0.683233, 0.597592, 0.060686, 0.471938, 0.647336, 0.380716, 0.710657, 0.614677, 0.894187, 0.748209, 0.877867, 0.429284, 0.652935, 0.656005, 0.210252, 0.259407, 0.832503, 0.053409, 0.179955, 0.371922, 0.643622, 0.388848, 0.719362, 0.867096, 0.73887, 0.599079, 0.76175, 0.502116, 0.0, 0.0, 0.0, 0.0, 0.0, 0.0, 0.0, 0.0, 0.0, 0.0, 0.0, 0.0, 0.0, 0.0, 0.0, 0.0, 0.0, 0.0, 0.0, 0.0, 0.0, 0.0, 0.0, 0.0, 0.0, 0.0, 0.0, 0.0, 0.0, 0.0, 0.0, 0.0, 0.0, 0.0, 0.0, 0.0, 0.0, 0.0, 0.0, 0.0, 0.0, 0.0, 0.0, 0.0, 0.0, 0.0, 0.0, 0.0, 0.0, 0.0, 0.0, 0.0, 0.0, 0.0, 0.0, 0.0, 0.0, 0.0, 0.0, 0.0, 0.0, 0.0, 0.0, 0.0, 0.0, 0.0, 0.0, 0.0, 0.0, 0.0, 0.0, 0.0, 0.0, 0.0, 0.0, 0.0, 0.0, 0.0, 0.0, 0.0, 0.0, 0.0, 0.0, 0.0, 0.0, 0.0, 0.0, 0.0, 0.0, 0.0, 0.0, 0.0, 0.0, 0.0, 0.0, 0.0], [0.344287, 0.627704, 0.302307, 0.178702, 0.242545, 0.051298, 0.569175, 0.0, 0.034301, 0.831692, 0.024862, 0.985084, 0.72874, 0.840696, 0.44094, 0.136388, 0.519096, 0.376157, 0.420851, 0.637351, 0.210286, 0.74809, 0.372061, 0.690053, 0.226842, 0.979686, 0.933838, 0.683028, 0.688729, 0.370216, 0.28661, 0.937807, 0.022549, 0.453825, 0.637652, 0.399516, 0.179024, 0.661686, 0.138078, 0.194848, 0.117848, 0.197767, 0.447272, 0.246139, 0.432084, 0.211229, 0.151494, 0.261852, 0.106654, 0.993931, 0.0, 0.0, 0.0, 0.0, 0.0, 0.0, 0.0, 0.0, 0.0, 0.0, 0.0, 0.0, 0.0, 0.0, 0.0, 0.0, 0.0, 0.0, 0.0, 0.0, 0.0, 0.0, 0.0, 0.0, 0.0, 0.0, 0.0, 0.0, 0.0, 0.0, 0.0, 0.0, 0.0, 0.0, 0.0, 0.0, 0.0, 0.0, 0.0, 0.0, 0.0, 0.0, 0.0, 0.0, 0.0, 0.0, 0.0, 0.0, 0.0, 0.0, 0.0, 0.0, 0.0, 0.0, 0.0, 0.0, 0.0, 0.0, 0.0, 0.0, 0.0, 0.0, 0.0, 0.0, 0.0, 0.0, 0.0, 0.0, 0.0, 0.0, 0.0, 0.0, 0.0, 0.0, 0.0, 0.0, 0.0, 0.0, 0.0, 0.0, 0.0, 0.0, 0.0, 0.0, 0.0, 0.0, 0.0, 0.0, 0.0, 0.0, 0.0, 0.0, 0.0, 0.0, 0.0, 0.0], [0.547285, 0.79518, 0.139168, 0.435121, 0.536738, 0.392352, 0.489613, 0.034301, 0.0, 0.206878, 0.274036, 0.388636, 0.164345, 0.582337, 0.140887, 0.491626, 0.111328, 0.240102, 0.178195, 0.514914, 0.031935, 0.52769, 0.139102, 0.23678, 0.136226, 0.33805, 0.140005, 0.402315, 0.018434, 0.219901, 0.241116, 0.47476, 0.414376, 0.191967, 0.654908, 0.042564, 0.578576, 0.218713, 0.41759, 0.081079, 0.016796, 0.1198, 0.176249, 0.0254, 0.185359, 0.674319, 0.001949, 0.375562, 0.188205, 0.293757, 0.0, 0.0, 0.0, 0.0, 0.0, 0.0, 0.0, 0.0, 0.0, 0.0, 0.0, 0.0, 0.0, 0.0, 0.0, 0.0, 0.0, 0.0, 0.0, 0.0, 0.0, 0.0, 0.0, 0.0, 0.0, 0.0, 0.0, 0.0, 0.0, 0.0, 0.0, 0.0, 0.0, 0.0, 0.0, 0.0, 0.0, 0.0, 0.0, 0.0, 0.0, 0.0, 0.0, 0.0, 0.0, 0.0, 0.0, 0.0, 0.0, 0.0, 0.0, 0.0, 0.0, 0.0, 0.0, 0.0, 0.0, 0.0, 0.0, 0.0, 0.0, 0.0, 0.0, 0.0, 0.0, 0.0, 0.0, 0.0, 0.0, 0.0, 0.0, 0.0, 0.0, 0.0, 0.0, 0.0, 0.0, 0.0, 0.0, 0.0, 0.0, 0.0, 0.0, 0.0, 0.0, 0.0, 0.0, 0.0, 0.0, 0.0, 0.0, 0.0, 0.0, 0.0, 0.0, 0.0], [0.505846, 0.728861, 0.096601, 0.671993, 0.150241, 0.523671, 0.037522, 0.831692, 0.206878, 0.0, 0.169708, 0.755462, 0.591423, 0.34008, 0.140956, 0.219189, 0.241156, 0.34863, 0.453363, 0.686424, 0.741427, 0.450107, 0.789092, 0.780315, 0.66824, 0.501966, 0.477529, 0.124817, 0.049182, 0.576693, 0.45535, 0.474966, 0.854288, 0.846909, 0.863593, 0.8632, 0.56536, 0.364748, 0.862423, 0.426451, 0.775718, 0.451433, 0.53479, 0.283657, 0.540395, 0.385708, 0.005993, 0.860307, 0.387051, 0.132116, 0.0, 0.0, 0.0, 0.0, 0.0, 0.0, 0.0, 0.0, 0.0, 0.0, 0.0, 0.0, 0.0, 0.0, 0.0, 0.0, 0.0, 0.0, 0.0, 0.0, 0.0, 0.0, 0.0, 0.0, 0.0, 0.0, 0.0, 0.0, 0.0, 0.0, 0.0, 0.0, 0.0, 0.0, 0.0, 0.0, 0.0, 0.0, 0.0, 0.0, 0.0, 0.0, 0.0, 0.0, 0.0, 0.0, 0.0, 0.0, 0.0, 0.0, 0.0, 0.0, 0.0, 0.0, 0.0, 0.0, 0.0, 0.0, 0.0, 0.0, 0.0, 0.0, 0.0, 0.0, 0.0, 0.0, 0.0, 0.0, 0.0, 0.0, 0.0, 0.0, 0.0, 0.0, 0.0, 0.0, 0.0, 0.0, 0.0, 0.0, 0.0, 0.0, 0.0, 0.0, 0.0, 0.0, 0.0, 0.0, 0.0, 0.0, 0.0, 0.0, 0.0, 0.0, 0.0, 0.0], [0.076927, 0.178942, 0.672218, 0.25059, 0.04298, 0.44368, 0.186057, 0.024862, 0.274036, 0.169708, 0.0, 0.308217, 0.126961, 0.312434, 0.285776, 0.441407, 0.054947, 0.26161, 0.300801, 0.276274, 0.060106, 0.318842, 0.409442, 0.045162, 0.020337, 0.108043, 0.083864, 0.227591, 0.291817, 0.032198, 0.26451, 0.307835, 0.322684, 0.462163, 0.692024, 0.355723, 0.508739, 0.019488, 0.517514, 0.223074, 0.289634, 0.032605, 0.151264, 0.029028, 0.083477, 0.467569, 0.066124, 0.59006, 0.174805, 0.436333, 0.0, 0.0, 0.0, 0.0, 0.0, 0.0, 0.0, 0.0, 0.0, 0.0, 0.0, 0.0, 0.0, 0.0, 0.0, 0.0, 0.0, 0.0, 0.0, 0.0, 0.0, 0.0, 0.0, 0.0, 0.0, 0.0, 0.0, 0.0, 0.0, 0.0, 0.0, 0.0, 0.0, 0.0, 0.0, 0.0, 0.0, 0.0, 0.0, 0.0, 0.0, 0.0, 0.0, 0.0, 0.0, 0.0, 0.0, 0.0, 0.0, 0.0, 0.0, 0.0, 0.0, 0.0, 0.0, 0.0, 0.0, 0.0, 0.0, 0.0, 0.0, 0.0, 0.0, 0.0, 0.0, 0.0, 0.0, 0.0, 0.0, 0.0, 0.0, 0.0, 0.0, 0.0, 0.0, 0.0, 0.0, 0.0, 0.0, 0.0, 0.0, 0.0, 0.0, 0.0, 0.0, 0.0, 0.0, 0.0, 0.0, 0.0, 0.0, 0.0, 0.0, 0.0, 0.0, 0.0], [0.158035, 0.785286, 0.592944, 0.515519, 0.642524, 0.397696, 0.615402, 0.985084, 0.388636, 0.755462, 0.308217, 0.0, 0.411635, 0.563378, 0.213888, 0.472868, 0.507296, 0.070436, 0.224286, 0.533542, 0.394068, 0.654834, 0.122425, 0.163624, 0.182377, 0.115454, 0.430744, 0.454158, 0.376535, 0.328624, 0.202365, 0.592702, 0.349464, 0.112998, 0.70889, 0.080825, 0.592551, 0.508328, 0.593175, 0.439091, 0.218978, 0.170278, 0.126298, 0.512691, 0.682283, 0.650195, 0.160766, 0.299245, 0.184518, 0.062164, 0.0, 0.0, 0.0, 0.0, 0.0, 0.0, 0.0, 0.0, 0.0, 0.0, 0.0, 0.0, 0.0, 0.0, 0.0, 0.0, 0.0, 0.0, 0.0, 0.0, 0.0, 0.0, 0.0, 0.0, 0.0, 0.0, 0.0, 0.0, 0.0, 0.0, 0.0, 0.0, 0.0, 0.0, 0.0, 0.0, 0.0, 0.0, 0.0, 0.0, 0.0, 0.0, 0.0, 0.0, 0.0, 0.0, 0.0, 0.0, 0.0, 0.0, 0.0, 0.0, 0.0, 0.0, 0.0, 0.0, 0.0, 0.0, 0.0, 0.0, 0.0, 0.0, 0.0, 0.0, 0.0, 0.0, 0.0, 0.0, 0.0, 0.0, 0.0, 0.0, 0.0, 0.0, 0.0, 0.0, 0.0, 0.0, 0.0, 0.0, 0.0, 0.0, 0.0, 0.0, 0.0, 0.0, 0.0, 0.0, 0.0, 0.0, 0.0, 0.0, 0.0, 0.0, 0.0, 0.0], [0.182228, 0.605336, 0.231119, 0.20959, 0.880259, 0.026108, 0.086685, 0.72874, 0.164345, 0.591423, 0.126961, 0.411635, 0.0, 0.752164, 0.760002, 0.531805, 0.50511, 0.910028, 0.989091, 0.599226, 0.550425, 0.785616, 0.372291, 0.206215, 0.407305, 0.200967, 0.719488, 0.545365, 0.710694, 0.954984, 0.016026, 0.786842, 0.48369, 0.148609, 0.836243, 0.458113, 0.826769, 0.568527, 0.82025, 0.833434, 0.639763, 0.947925, 0.356986, 0.458143, 0.124, 0.830008, 0.433787, 0.415976, 0.049447, 0.521367, 0.0, 0.0, 0.0, 0.0, 0.0, 0.0, 0.0, 0.0, 0.0, 0.0, 0.0, 0.0, 0.0, 0.0, 0.0, 0.0, 0.0, 0.0, 0.0, 0.0, 0.0, 0.0, 0.0, 0.0, 0.0, 0.0, 0.0, 0.0, 0.0, 0.0, 0.0, 0.0, 0.0, 0.0, 0.0, 0.0, 0.0, 0.0, 0.0, 0.0, 0.0, 0.0, 0.0, 0.0, 0.0, 0.0, 0.0, 0.0, 0.0, 0.0, 0.0, 0.0, 0.0, 0.0, 0.0, 0.0, 0.0, 0.0, 0.0, 0.0, 0.0, 0.0, 0.0, 0.0, 0.0, 0.0, 0.0, 0.0, 0.0, 0.0, 0.0, 0.0, 0.0, 0.0, 0.0, 0.0, 0.0, 0.0, 0.0, 0.0, 0.0, 0.0, 0.0, 0.0, 0.0, 0.0, 0.0, 0.0, 0.0, 0.0, 0.0, 0.0, 0.0, 0.0, 0.0, 0.0], [0.711491, 0.816361, 0.693725, 0.282657, 0.706605, 0.380072, 0.842705, 0.840696, 0.582337, 0.34008, 0.312434, 0.563378, 0.752164, 0.0, 0.488167, 0.500978, 0.299763, 0.007416, 0.203203, 0.544229, 0.160625, 0.588413, 0.546571, 0.475793, 0.2811, 0.483433, 0.341192, 0.471796, 0.334066, 0.604824, 0.113525, 0.557822, 0.440597, 0.302021, 0.530628, 0.609793, 0.57697, 0.400891, 0.421514, 0.021927, 0.329143, 0.116767, 0.055598, 0.125028, 0.466561, 0.697268, 0.146659, 0.357996, 0.120108, 0.047268, 0.0, 0.0, 0.0, 0.0, 0.0, 0.0, 0.0, 0.0, 0.0, 0.0, 0.0, 0.0, 0.0, 0.0, 0.0, 0.0, 0.0, 0.0, 0.0, 0.0, 0.0, 0.0, 0.0, 0.0, 0.0, 0.0, 0.0, 0.0, 0.0, 0.0, 0.0, 0.0, 0.0, 0.0, 0.0, 0.0, 0.0, 0.0, 0.0, 0.0, 0.0, 0.0, 0.0, 0.0, 0.0, 0.0, 0.0, 0.0, 0.0, 0.0, 0.0, 0.0, 0.0, 0.0, 0.0, 0.0, 0.0, 0.0, 0.0, 0.0, 0.0, 0.0, 0.0, 0.0, 0.0, 0.0, 0.0, 0.0, 0.0, 0.0, 0.0, 0.0, 0.0, 0.0, 0.0, 0.0, 0.0, 0.0, 0.0, 0.0, 0.0, 0.0, 0.0, 0.0, 0.0, 0.0, 0.0, 0.0, 0.0, 0.0, 0.0, 0.0, 0.0, 0.0, 0.0, 0.0], [0.150157, 0.59495, 0.549389, 0.435898, 0.688031, 0.30032, 0.748683, 0.44094, 0.140887, 0.140956, 0.285776, 0.213888, 0.760002, 0.488167, 0.0, 0.288292, 0.213981, 0.131481, 0.175134, 0.447521, 0.123074, 0.56109, 0.285398, 0.170901, 0.283882, 0.388501, 0.599942, 0.235358, 0.748608, 0.218962, 0.285981, 0.563091, 0.041426, 0.132883, 0.013228, 0.049888, 0.344536, 0.366315, 0.474143, 0.077222, 0.067623, 0.021559, 0.288713, 0.094926, 0.122018, 0.893708, 0.209528, 0.388381, 0.089497, 0.670814, 0.0, 0.0, 0.0, 0.0, 0.0, 0.0, 0.0, 0.0, 0.0, 0.0, 0.0, 0.0, 0.0, 0.0, 0.0, 0.0, 0.0, 0.0, 0.0, 0.0, 0.0, 0.0, 0.0, 0.0, 0.0, 0.0, 0.0, 0.0, 0.0, 0.0, 0.0, 0.0, 0.0, 0.0, 0.0, 0.0, 0.0, 0.0, 0.0, 0.0, 0.0, 0.0, 0.0, 0.0, 0.0, 0.0, 0.0, 0.0, 0.0, 0.0, 0.0, 0.0, 0.0, 0.0, 0.0, 0.0, 0.0, 0.0, 0.0, 0.0, 0.0, 0.0, 0.0, 0.0, 0.0, 0.0, 0.0, 0.0, 0.0, 0.0, 0.0, 0.0, 0.0, 0.0, 0.0, 0.0, 0.0, 0.0, 0.0, 0.0, 0.0, 0.0, 0.0, 0.0, 0.0, 0.0, 0.0, 0.0, 0.0, 0.0, 0.0, 0.0, 0.0, 0.0, 0.0, 0.0], [0.503657, 0.586969, 0.267219, 0.553824, 0.097295, 0.357146, 0.184025, 0.136388, 0.491626, 0.219189, 0.441407, 0.472868, 0.531805, 0.500978, 0.288292, 0.0, 0.01843, 0.279365, 0.262749, 0.478415, 0.074659, 0.443868, 0.217015, 0.327334, 0.051308, 0.244892, 0.075531, 0.397967, 0.188306, 0.069473, 0.298656, 0.37054, 0.390663, 0.125187, 0.601485, 0.162156, 0.559293, 0.094872, 0.257718, 0.112072, 0.07885, 0.162277, 0.291546, 0.008229, 0.029838, 0.602687, 0.000986, 0.343969, 0.149776, 0.45732, 0.0, 0.0, 0.0, 0.0, 0.0, 0.0, 0.0, 0.0, 0.0, 0.0, 0.0, 0.0, 0.0, 0.0, 0.0, 0.0, 0.0, 0.0, 0.0, 0.0, 0.0, 0.0, 0.0, 0.0, 0.0, 0.0, 0.0, 0.0, 0.0, 0.0, 0.0, 0.0, 0.0, 0.0, 0.0, 0.0, 0.0, 0.0, 0.0, 0.0, 0.0, 0.0, 0.0, 0.0, 0.0, 0.0, 0.0, 0.0, 0.0, 0.0, 0.0, 0.0, 0.0, 0.0, 0.0, 0.0, 0.0, 0.0, 0.0, 0.0, 0.0, 0.0, 0.0, 0.0, 0.0, 0.0, 0.0, 0.0, 0.0, 0.0, 0.0, 0.0, 0.0, 0.0, 0.0, 0.0, 0.0, 0.0, 0.0, 0.0, 0.0, 0.0, 0.0, 0.0, 0.0, 0.0, 0.0, 0.0, 0.0, 0.0, 0.0, 0.0, 0.0, 0.0, 0.0, 0.0], [0.343063, 0.769475, 0.432917, 0.227443, 0.518983, 0.169059, 0.670333, 0.519096, 0.111328, 0.241156, 0.054947, 0.507296, 0.50511, 0.299763, 0.213981, 0.01843, 0.0, 0.452989, 0.558754, 0.151766, 0.384491, 0.695905, 0.715988, 0.357261, 0.787252, 0.306573, 0.509214, 0.529392, 0.480677, 0.294995, 0.313278, 0.661332, 0.795149, 0.493844, 0.848863, 0.570431, 0.343173, 0.006965, 0.844347, 0.416105, 0.027449, 0.443737, 0.96785, 0.41035, 0.689554, 0.787554, 0.447893, 0.551932, 0.792204, 0.412598, 0.0, 0.0, 0.0, 0.0, 0.0, 0.0, 0.0, 0.0, 0.0, 0.0, 0.0, 0.0, 0.0, 0.0, 0.0, 0.0, 0.0, 0.0, 0.0, 0.0, 0.0, 0.0, 0.0, 0.0, 0.0, 0.0, 0.0, 0.0, 0.0, 0.0, 0.0, 0.0, 0.0, 0.0, 0.0, 0.0, 0.0, 0.0, 0.0, 0.0, 0.0, 0.0, 0.0, 0.0, 0.0, 0.0, 0.0, 0.0, 0.0, 0.0, 0.0, 0.0, 0.0, 0.0, 0.0, 0.0, 0.0, 0.0, 0.0, 0.0, 0.0, 0.0, 0.0, 0.0, 0.0, 0.0, 0.0, 0.0, 0.0, 0.0, 0.0, 0.0, 0.0, 0.0, 0.0, 0.0, 0.0, 0.0, 0.0, 0.0, 0.0, 0.0, 0.0, 0.0, 0.0, 0.0, 0.0, 0.0, 0.0, 0.0, 0.0, 0.0, 0.0, 0.0, 0.0, 0.0], [0.221089, 0.375954, 0.584477, 0.374701, 0.342408, 0.203643, 0.590122, 0.376157, 0.240102, 0.34863, 0.26161, 0.070436, 0.910028, 0.007416, 0.131481, 0.279365, 0.452989, 0.0, 0.200628, 0.023432, 0.173241, 0.022935, 0.275944, 0.182934, 0.056452, 0.103265, 0.446143, 0.098738, 0.614497, 0.160024, 0.279493, 0.082919, 0.14049, 0.260422, 0.133218, 0.077974, 0.303757, 0.091665, 0.227183, 0.055288, 0.109497, 0.142421, 0.271132, 0.058383, 0.122213, 0.128654, 0.174387, 0.304791, 0.161385, 0.610232, 0.0, 0.0, 0.0, 0.0, 0.0, 0.0, 0.0, 0.0, 0.0, 0.0, 0.0, 0.0, 0.0, 0.0, 0.0, 0.0, 0.0, 0.0, 0.0, 0.0, 0.0, 0.0, 0.0, 0.0, 0.0, 0.0, 0.0, 0.0, 0.0, 0.0, 0.0, 0.0, 0.0, 0.0, 0.0, 0.0, 0.0, 0.0, 0.0, 0.0, 0.0, 0.0, 0.0, 0.0, 0.0, 0.0, 0.0, 0.0, 0.0, 0.0, 0.0, 0.0, 0.0, 0.0, 0.0, 0.0, 0.0, 0.0, 0.0, 0.0, 0.0, 0.0, 0.0, 0.0, 0.0, 0.0, 0.0, 0.0, 0.0, 0.0, 0.0, 0.0, 0.0, 0.0, 0.0, 0.0, 0.0, 0.0, 0.0, 0.0, 0.0, 0.0, 0.0, 0.0, 0.0, 0.0, 0.0, 0.0, 0.0, 0.0, 0.0, 0.0, 0.0, 0.0, 0.0, 0.0], [0.246926, 0.772, 0.533992, 0.406075, 0.36682, 0.297445, 0.594292, 0.420851, 0.178195, 0.453363, 0.300801, 0.224286, 0.989091, 0.203203, 0.175134, 0.262749, 0.558754, 0.200628, 0.0, 0.297383, 0.090588, 0.361993, 0.394139, 0.049152, 0.051749, 0.409495, 0.594548, 0.079161, 0.775053, 0.143859, 0.292442, 0.219791, 0.082931, 0.360499, 0.327802, 0.250303, 0.340128, 0.354611, 0.118559, 0.062403, 0.144631, 0.027384, 0.263819, 0.096078, 0.135077, 0.400623, 0.111786, 0.450885, 0.035865, 0.628419, 0.0, 0.0, 0.0, 0.0, 0.0, 0.0, 0.0, 0.0, 0.0, 0.0, 0.0, 0.0, 0.0, 0.0, 0.0, 0.0, 0.0, 0.0, 0.0, 0.0, 0.0, 0.0, 0.0, 0.0, 0.0, 0.0, 0.0, 0.0, 0.0, 0.0, 0.0, 0.0, 0.0, 0.0, 0.0, 0.0, 0.0, 0.0, 0.0, 0.0, 0.0, 0.0, 0.0, 0.0, 0.0, 0.0, 0.0, 0.0, 0.0, 0.0, 0.0, 0.0, 0.0, 0.0, 0.0, 0.0, 0.0, 0.0, 0.0, 0.0, 0.0, 0.0, 0.0, 0.0, 0.0, 0.0, 0.0, 0.0, 0.0, 0.0, 0.0, 0.0, 0.0, 0.0, 0.0, 0.0, 0.0, 0.0, 0.0, 0.0, 0.0, 0.0, 0.0, 0.0, 0.0, 0.0, 0.0, 0.0, 0.0, 0.0, 0.0, 0.0, 0.0, 0.0, 0.0, 0.0], [0.536286, 0.728917, 0.570755, 0.439666, 0.342024, 0.373458, 0.499214, 0.637351, 0.514914, 0.686424, 0.276274, 0.533542, 0.599226, 0.544229, 0.447521, 0.478415, 0.151766, 0.023432, 0.297383, 0.0, 0.130604, 0.500208, 0.382684, 0.556319, 0.223073, 0.31745, 0.174134, 0.404712, 0.112147, 0.271469, 0.172, 0.443061, 0.306729, 0.451157, 0.245354, 0.667486, 0.497843, 0.264163, 0.033156, 0.005283, 0.484917, 0.121071, 0.241087, 0.12067, 0.227986, 0.585597, 0.028862, 0.510913, 0.076335, 0.200474, 0.0, 0.0, 0.0, 0.0, 0.0, 0.0, 0.0, 0.0, 0.0, 0.0, 0.0, 0.0, 0.0, 0.0, 0.0, 0.0, 0.0, 0.0, 0.0, 0.0, 0.0, 0.0, 0.0, 0.0, 0.0, 0.0, 0.0, 0.0, 0.0, 0.0, 0.0, 0.0, 0.0, 0.0, 0.0, 0.0, 0.0, 0.0, 0.0, 0.0, 0.0, 0.0, 0.0, 0.0, 0.0, 0.0, 0.0, 0.0, 0.0, 0.0, 0.0, 0.0, 0.0, 0.0, 0.0, 0.0, 0.0, 0.0, 0.0, 0.0, 0.0, 0.0, 0.0, 0.0, 0.0, 0.0, 0.0, 0.0, 0.0, 0.0, 0.0, 0.0, 0.0, 0.0, 0.0, 0.0, 0.0, 0.0, 0.0, 0.0, 0.0, 0.0, 0.0, 0.0, 0.0, 0.0, 0.0, 0.0, 0.0, 0.0, 0.0, 0.0, 0.0, 0.0, 0.0, 0.0], [0.215171, 0.561458, 0.560956, 0.20592, 0.254863, 0.116368, 0.554775, 0.210286, 0.031935, 0.741427, 0.060106, 0.394068, 0.550425, 0.160625, 0.123074, 0.074659, 0.384491, 0.173241, 0.090588, 0.130604, 0.0, 0.529148, 0.38271, 0.152634, 0.707493, 0.254702, 0.435836, 0.470976, 0.368292, 0.335444, 0.386883, 0.354635, 0.051066, 0.288462, 0.653488, 0.245053, 0.102651, 0.362578, 0.509028, 0.319851, 0.325756, 0.415651, 0.442653, 0.298795, 0.44593, 0.230715, 0.71795, 0.495527, 0.253862, 0.824791, 0.0, 0.0, 0.0, 0.0, 0.0, 0.0, 0.0, 0.0, 0.0, 0.0, 0.0, 0.0, 0.0, 0.0, 0.0, 0.0, 0.0, 0.0, 0.0, 0.0, 0.0, 0.0, 0.0, 0.0, 0.0, 0.0, 0.0, 0.0, 0.0, 0.0, 0.0, 0.0, 0.0, 0.0, 0.0, 0.0, 0.0, 0.0, 0.0, 0.0, 0.0, 0.0, 0.0, 0.0, 0.0, 0.0, 0.0, 0.0, 0.0, 0.0, 0.0, 0.0, 0.0, 0.0, 0.0, 0.0, 0.0, 0.0, 0.0, 0.0, 0.0, 0.0, 0.0, 0.0, 0.0, 0.0, 0.0, 0.0, 0.0, 0.0, 0.0, 0.0, 0.0, 0.0, 0.0, 0.0, 0.0, 0.0, 0.0, 0.0, 0.0, 0.0, 0.0, 0.0, 0.0, 0.0, 0.0, 0.0, 0.0, 0.0, 0.0, 0.0, 0.0, 0.0, 0.0, 0.0], [0.550034, 0.815148, 0.651068, 0.137606, 0.591653, 0.061295, 0.77936, 0.74809, 0.52769, 0.450107, 0.318842, 0.654834, 0.785616, 0.588413, 0.56109, 0.443868, 0.695905, 0.022935, 0.361993, 0.500208, 0.529148, 0.0, 0.469808, 0.4744, 0.295878, 0.445503, 0.391768, 0.48631, 0.364048, 0.434424, 0.130515, 0.58289, 0.424788, 0.189461, 0.616715, 0.470454, 0.651957, 0.40821, 0.4906, 0.123997, 0.320067, 0.057121, 0.070167, 0.247999, 0.463519, 0.695024, 0.162597, 0.224643, 0.173394, 0.057197, 0.0, 0.0, 0.0, 0.0, 0.0, 0.0, 0.0, 0.0, 0.0, 0.0, 0.0, 0.0, 0.0, 0.0, 0.0, 0.0, 0.0, 0.0, 0.0, 0.0, 0.0, 0.0, 0.0, 0.0, 0.0, 0.0, 0.0, 0.0, 0.0, 0.0, 0.0, 0.0, 0.0, 0.0, 0.0, 0.0, 0.0, 0.0, 0.0, 0.0, 0.0, 0.0, 0.0, 0.0, 0.0, 0.0, 0.0, 0.0, 0.0, 0.0, 0.0, 0.0, 0.0, 0.0, 0.0, 0.0, 0.0, 0.0, 0.0, 0.0, 0.0, 0.0, 0.0, 0.0, 0.0, 0.0, 0.0, 0.0, 0.0, 0.0, 0.0, 0.0, 0.0, 0.0, 0.0, 0.0, 0.0, 0.0, 0.0, 0.0, 0.0, 0.0, 0.0, 0.0, 0.0, 0.0, 0.0, 0.0, 0.0, 0.0, 0.0, 0.0, 0.0, 0.0, 0.0, 0.0], [0.90806, 0.037505, 0.621045, 0.271478, 0.561381, 0.482425, 0.683233, 0.372061, 0.139102, 0.789092, 0.409442, 0.122425, 0.372291, 0.546571, 0.285398, 0.217015, 0.715988, 0.275944, 0.394139, 0.382684, 0.38271, 0.469808, 0.0, 0.31954, 0.358072, 0.87559, 0.756457, 0.570355, 0.937741, 0.404442, 0.426933, 0.671606, 0.053471, 0.591207, 0.596564, 0.55251, 0.556317, 0.516555, 0.282332, 0.384456, 0.451945, 0.212414, 0.15806, 0.013265, 0.114379, 0.298251, 0.255295, 0.685971, 0.219969, 0.812657, 0.0, 0.0, 0.0, 0.0, 0.0, 0.0, 0.0, 0.0, 0.0, 0.0, 0.0, 0.0, 0.0, 0.0, 0.0, 0.0, 0.0, 0.0, 0.0, 0.0, 0.0, 0.0, 0.0, 0.0, 0.0, 0.0, 0.0, 0.0, 0.0, 0.0, 0.0, 0.0, 0.0, 0.0, 0.0, 0.0, 0.0, 0.0, 0.0, 0.0, 0.0, 0.0, 0.0, 0.0, 0.0, 0.0, 0.0, 0.0, 0.0, 0.0, 0.0, 0.0, 0.0, 0.0, 0.0, 0.0, 0.0, 0.0, 0.0, 0.0, 0.0, 0.0, 0.0, 0.0, 0.0, 0.0, 0.0, 0.0, 0.0, 0.0, 0.0, 0.0, 0.0, 0.0, 0.0, 0.0, 0.0, 0.0, 0.0, 0.0, 0.0, 0.0, 0.0, 0.0, 0.0, 0.0, 0.0, 0.0, 0.0, 0.0, 0.0, 0.0, 0.0, 0.0, 0.0, 0.0], [0.920199, 0.059907, 0.373986, 0.425336, 0.228678, 0.129157, 0.597592, 0.690053, 0.23678, 0.780315, 0.045162, 0.163624, 0.206215, 0.475793, 0.170901, 0.327334, 0.357261, 0.182934, 0.049152, 0.556319, 0.152634, 0.4744, 0.31954, 0.0, 0.129394, 0.401823, 0.072982, 0.499136, 0.104876, 0.147737, 0.287681, 0.394115, 0.443685, 0.760126, 0.05868, 0.383223, 0.36267, 0.302055, 0.813736, 0.152948, 0.962557, 0.360381, 0.390909, 0.167406, 0.309093, 0.664347, 0.013607, 0.899613, 0.047434, 0.491003, 0.0, 0.0, 0.0, 0.0, 0.0, 0.0, 0.0, 0.0, 0.0, 0.0, 0.0, 0.0, 0.0, 0.0, 0.0, 0.0, 0.0, 0.0, 0.0, 0.0, 0.0, 0.0, 0.0, 0.0, 0.0, 0.0, 0.0, 0.0, 0.0, 0.0, 0.0, 0.0, 0.0, 0.0, 0.0, 0.0, 0.0, 0.0, 0.0, 0.0, 0.0, 0.0, 0.0, 0.0, 0.0, 0.0, 0.0, 0.0, 0.0, 0.0, 0.0, 0.0, 0.0, 0.0, 0.0, 0.0, 0.0, 0.0, 0.0, 0.0, 0.0, 0.0, 0.0, 0.0, 0.0, 0.0, 0.0, 0.0, 0.0, 0.0, 0.0, 0.0, 0.0, 0.0, 0.0, 0.0, 0.0, 0.0, 0.0, 0.0, 0.0, 0.0, 0.0, 0.0, 0.0, 0.0, 0.0, 0.0, 0.0, 0.0, 0.0, 0.0, 0.0, 0.0, 0.0, 0.0], [0.243462, 0.199557, 0.872775, 0.040039, 0.504904, 0.250009, 0.060686, 0.226842, 0.136226, 0.66824, 0.020337, 0.182377, 0.407305, 0.2811, 0.283882, 0.051308, 0.787252, 0.056452, 0.051749, 0.223073, 0.707493, 0.295878, 0.358072, 0.129394, 0.0, 0.758344, 0.857256, 0.862251, 0.860563, 0.708583, 0.521951, 0.912209, 0.789763, 0.738153, 0.702215, 0.667919, 0.663636, 0.783554, 0.804132, 0.685105, 0.789203, 0.003557, 0.168625, 0.446321, 0.522444, 0.949885, 0.580986, 0.873163, 0.385558, 0.80014, 0.0, 0.0, 0.0, 0.0, 0.0, 0.0, 0.0, 0.0, 0.0, 0.0, 0.0, 0.0, 0.0, 0.0, 0.0, 0.0, 0.0, 0.0, 0.0, 0.0, 0.0, 0.0, 0.0, 0.0, 0.0, 0.0, 0.0, 0.0, 0.0, 0.0, 0.0, 0.0, 0.0, 0.0, 0.0, 0.0, 0.0, 0.0, 0.0, 0.0, 0.0, 0.0, 0.0, 0.0, 0.0, 0.0, 0.0, 0.0, 0.0, 0.0, 0.0, 0.0, 0.0, 0.0, 0.0, 0.0, 0.0, 0.0, 0.0, 0.0, 0.0, 0.0, 0.0, 0.0, 0.0, 0.0, 0.0, 0.0, 0.0, 0.0, 0.0, 0.0, 0.0, 0.0, 0.0, 0.0, 0.0, 0.0, 0.0, 0.0, 0.0, 0.0, 0.0, 0.0, 0.0, 0.0, 0.0, 0.0, 0.0, 0.0, 0.0, 0.0, 0.0, 0.0, 0.0, 0.0], [0.640223, 0.693049, 0.478849, 0.054329, 0.886295, 0.523678, 0.471938, 0.979686, 0.33805, 0.501966, 0.108043, 0.115454, 0.200967, 0.483433, 0.388501, 0.244892, 0.306573, 0.103265, 0.409495, 0.31745, 0.254702, 0.445503, 0.87559, 0.401823, 0.758344, 0.0, 0.263382, 0.557145, 0.420263, 0.748213, 0.003397, 0.535799, 0.500815, 0.058535, 0.326547, 0.431667, 0.475708, 0.527976, 0.293121, 0.172379, 0.513974, 0.328801, 0.108002, 0.039445, 0.388146, 0.74261, 0.189174, 0.739887, 0.319205, 0.046202, 0.0, 0.0, 0.0, 0.0, 0.0, 0.0, 0.0, 0.0, 0.0, 0.0, 0.0, 0.0, 0.0, 0.0, 0.0, 0.0, 0.0, 0.0, 0.0, 0.0, 0.0, 0.0, 0.0, 0.0, 0.0, 0.0, 0.0, 0.0, 0.0, 0.0, 0.0, 0.0, 0.0, 0.0, 0.0, 0.0, 0.0, 0.0, 0.0, 0.0, 0.0, 0.0, 0.0, 0.0, 0.0, 0.0, 0.0, 0.0, 0.0, 0.0, 0.0, 0.0, 0.0, 0.0, 0.0, 0.0, 0.0, 0.0, 0.0, 0.0, 0.0, 0.0, 0.0, 0.0, 0.0, 0.0, 0.0, 0.0, 0.0, 0.0, 0.0, 0.0, 0.0, 0.0, 0.0, 0.0, 0.0, 0.0, 0.0, 0.0, 0.0, 0.0, 0.0, 0.0, 0.0, 0.0, 0.0, 0.0, 0.0, 0.0, 0.0, 0.0, 0.0, 0.0, 0.0, 0.0], [0.039468, 0.646604, 0.431871, 0.542595, 0.44455, 0.349402, 0.647336, 0.933838, 0.140005, 0.477529, 0.083864, 0.430744, 0.719488, 0.341192, 0.599942, 0.075531, 0.509214, 0.446143, 0.594548, 0.174134, 0.435836, 0.391768, 0.756457, 0.072982, 0.857256, 0.263382, 0.0, 0.192035, 0.797143, 0.735711, 0.63293, 0.810638, 0.549179, 0.681114, 0.382673, 0.259459, 0.320824, 0.566005, 0.817224, 0.42684, 0.605269, 0.619103, 0.311534, 0.645811, 0.797352, 0.856583, 0.642729, 0.787835, 0.162671, 0.649107, 0.0, 0.0, 0.0, 0.0, 0.0, 0.0, 0.0, 0.0, 0.0, 0.0, 0.0, 0.0, 0.0, 0.0, 0.0, 0.0, 0.0, 0.0, 0.0, 0.0, 0.0, 0.0, 0.0, 0.0, 0.0, 0.0, 0.0, 0.0, 0.0, 0.0, 0.0, 0.0, 0.0, 0.0, 0.0, 0.0, 0.0, 0.0, 0.0, 0.0, 0.0, 0.0, 0.0, 0.0, 0.0, 0.0, 0.0, 0.0, 0.0, 0.0, 0.0, 0.0, 0.0, 0.0, 0.0, 0.0, 0.0, 0.0, 0.0, 0.0, 0.0, 0.0, 0.0, 0.0, 0.0, 0.0, 0.0, 0.0, 0.0, 0.0, 0.0, 0.0, 0.0, 0.0, 0.0, 0.0, 0.0, 0.0, 0.0, 0.0, 0.0, 0.0, 0.0, 0.0, 0.0, 0.0, 0.0, 0.0, 0.0, 0.0, 0.0, 0.0, 0.0, 0.0, 0.0, 0.0], [0.497946, 0.664432, 0.070499, 0.316807, 0.294796, 0.176644, 0.380716, 0.683028, 0.402315, 0.124817, 0.227591, 0.454158, 0.545365, 0.471796, 0.235358, 0.397967, 0.529392, 0.098738, 0.079161, 0.404712, 0.470976, 0.48631, 0.570355, 0.499136, 0.862251, 0.557145, 0.192035, 0.0, 0.155731, 0.328945, 0.199417, 0.470131, 0.355977, 0.267976, 0.429833, 0.611695, 0.503936, 0.265911, 0.177393, 0.03194, 0.412884, 0.153493, 0.219493, 0.082616, 0.216641, 0.627863, 0.068303, 0.383377, 0.123284, 0.191656, 0.0, 0.0, 0.0, 0.0, 0.0, 0.0, 0.0, 0.0, 0.0, 0.0, 0.0, 0.0, 0.0, 0.0, 0.0, 0.0, 0.0, 0.0, 0.0, 0.0, 0.0, 0.0, 0.0, 0.0, 0.0, 0.0, 0.0, 0.0, 0.0, 0.0, 0.0, 0.0, 0.0, 0.0, 0.0, 0.0, 0.0, 0.0, 0.0, 0.0, 0.0, 0.0, 0.0, 0.0, 0.0, 0.0, 0.0, 0.0, 0.0, 0.0, 0.0, 0.0, 0.0, 0.0, 0.0, 0.0, 0.0, 0.0, 0.0, 0.0, 0.0, 0.0, 0.0, 0.0, 0.0, 0.0, 0.0, 0.0, 0.0, 0.0, 0.0, 0.0, 0.0, 0.0, 0.0, 0.0, 0.0, 0.0, 0.0, 0.0, 0.0, 0.0, 0.0, 0.0, 0.0, 0.0, 0.0, 0.0, 0.0, 0.0, 0.0, 0.0, 0.0, 0.0, 0.0, 0.0], [0.204067, 0.646738, 0.496501, 0.673639, 0.315383, 0.592822, 0.710657, 0.688729, 0.018434, 0.049182, 0.291817, 0.376535, 0.710694, 0.334066, 0.748608, 0.188306, 0.480677, 0.614497, 0.775053, 0.112147, 0.368292, 0.364048, 0.937741, 0.104876, 0.860563, 0.420263, 0.797143, 0.155731, 0.0, 0.522508, 0.76985, 0.004746, 0.230693, 0.531208, 0.429506, 0.319174, 0.205404, 0.745326, 0.094848, 0.148503, 0.380068, 0.378398, 0.813902, 0.440127, 0.57971, 0.244496, 0.656888, 0.701377, 0.176769, 0.170647, 0.0, 0.0, 0.0, 0.0, 0.0, 0.0, 0.0, 0.0, 0.0, 0.0, 0.0, 0.0, 0.0, 0.0, 0.0, 0.0, 0.0, 0.0, 0.0, 0.0, 0.0, 0.0, 0.0, 0.0, 0.0, 0.0, 0.0, 0.0, 0.0, 0.0, 0.0, 0.0, 0.0, 0.0, 0.0, 0.0, 0.0, 0.0, 0.0, 0.0, 0.0, 0.0, 0.0, 0.0, 0.0, 0.0, 0.0, 0.0, 0.0, 0.0, 0.0, 0.0, 0.0, 0.0, 0.0, 0.0, 0.0, 0.0, 0.0, 0.0, 0.0, 0.0, 0.0, 0.0, 0.0, 0.0, 0.0, 0.0, 0.0, 0.0, 0.0, 0.0, 0.0, 0.0, 0.0, 0.0, 0.0, 0.0, 0.0, 0.0, 0.0, 0.0, 0.0, 0.0, 0.0, 0.0, 0.0, 0.0, 0.0, 0.0, 0.0, 0.0, 0.0, 0.0, 0.0, 0.0], [0.494649, 0.467221, 0.431637, 0.127324, 0.603136, 0.343816, 0.614677, 0.370216, 0.219901, 0.576693, 0.032198, 0.328624, 0.954984, 0.604824, 0.218962, 0.069473, 0.294995, 0.160024, 0.143859, 0.271469, 0.335444, 0.434424, 0.404442, 0.147737, 0.708583, 0.748213, 0.735711, 0.328945, 0.522508, 0.0, 0.625463, 0.924879, 0.848912, 0.769991, 0.819181, 0.756814, 0.402003, 0.573533, 0.866893, 0.010398, 0.546065, 0.37895, 0.741644, 0.844955, 0.351538, 0.965024, 0.726282, 0.875071, 0.206545, 0.810874, 0.0, 0.0, 0.0, 0.0, 0.0, 0.0, 0.0, 0.0, 0.0, 0.0, 0.0, 0.0, 0.0, 0.0, 0.0, 0.0, 0.0, 0.0, 0.0, 0.0, 0.0, 0.0, 0.0, 0.0, 0.0, 0.0, 0.0, 0.0, 0.0, 0.0, 0.0, 0.0, 0.0, 0.0, 0.0, 0.0, 0.0, 0.0, 0.0, 0.0, 0.0, 0.0, 0.0, 0.0, 0.0, 0.0, 0.0, 0.0, 0.0, 0.0, 0.0, 0.0, 0.0, 0.0, 0.0, 0.0, 0.0, 0.0, 0.0, 0.0, 0.0, 0.0, 0.0, 0.0, 0.0, 0.0, 0.0, 0.0, 0.0, 0.0, 0.0, 0.0, 0.0, 0.0, 0.0, 0.0, 0.0, 0.0, 0.0, 0.0, 0.0, 0.0, 0.0, 0.0, 0.0, 0.0, 0.0, 0.0, 0.0, 0.0, 0.0, 0.0, 0.0, 0.0, 0.0, 0.0], [0.033072, 0.345504, 0.345155, 0.382005, 0.080204, 0.34472, 0.894187, 0.28661, 0.241116, 0.45535, 0.26451, 0.202365, 0.016026, 0.113525, 0.285981, 0.298656, 0.313278, 0.279493, 0.292442, 0.172, 0.386883, 0.130515, 0.426933, 0.287681, 0.521951, 0.003397, 0.63293, 0.199417, 0.76985, 0.625463, 0.0, 0.21791, 0.349955, 0.261651, 0.596745, 0.007246, 0.473619, 0.045151, 0.055446, 0.106474, 0.005072, 0.159043, 0.309876, 0.020197, 0.107727, 0.373204, 0.078851, 0.480874, 0.137294, 0.647814, 0.0, 0.0, 0.0, 0.0, 0.0, 0.0, 0.0, 0.0, 0.0, 0.0, 0.0, 0.0, 0.0, 0.0, 0.0, 0.0, 0.0, 0.0, 0.0, 0.0, 0.0, 0.0, 0.0, 0.0, 0.0, 0.0, 0.0, 0.0, 0.0, 0.0, 0.0, 0.0, 0.0, 0.0, 0.0, 0.0, 0.0, 0.0, 0.0, 0.0, 0.0, 0.0, 0.0, 0.0, 0.0, 0.0, 0.0, 0.0, 0.0, 0.0, 0.0, 0.0, 0.0, 0.0, 0.0, 0.0, 0.0, 0.0, 0.0, 0.0, 0.0, 0.0, 0.0, 0.0, 0.0, 0.0, 0.0, 0.0, 0.0, 0.0, 0.0, 0.0, 0.0, 0.0, 0.0, 0.0, 0.0, 0.0, 0.0, 0.0, 0.0, 0.0, 0.0, 0.0, 0.0, 0.0, 0.0, 0.0, 0.0, 0.0, 0.0, 0.0, 0.0, 0.0, 0.0, 0.0], [0.31503, 0.79101, 0.627358, 0.069748, 0.371769, 0.026441, 0.748209, 0.937807, 0.47476, 0.474966, 0.307835, 0.592702, 0.786842, 0.557822, 0.563091, 0.37054, 0.661332, 0.082919, 0.219791, 0.443061, 0.354635, 0.58289, 0.671606, 0.394115, 0.912209, 0.535799, 0.810638, 0.470131, 0.004746, 0.924879, 0.21791, 0.0, 0.458065, 0.102658, 0.682524, 0.304285, 0.696102, 0.416748, 0.575898, 0.198697, 0.324015, 0.124021, 0.026488, 0.211906, 0.733588, 0.730991, 0.211432, 0.134815, 0.12424, 0.147265, 0.0, 0.0, 0.0, 0.0, 0.0, 0.0, 0.0, 0.0, 0.0, 0.0, 0.0, 0.0, 0.0, 0.0, 0.0, 0.0, 0.0, 0.0, 0.0, 0.0, 0.0, 0.0, 0.0, 0.0, 0.0, 0.0, 0.0, 0.0, 0.0, 0.0, 0.0, 0.0, 0.0, 0.0, 0.0, 0.0, 0.0, 0.0, 0.0, 0.0, 0.0, 0.0, 0.0, 0.0, 0.0, 0.0, 0.0, 0.0, 0.0, 0.0, 0.0, 0.0, 0.0, 0.0, 0.0, 0.0, 0.0, 0.0, 0.0, 0.0, 0.0, 0.0, 0.0, 0.0, 0.0, 0.0, 0.0, 0.0, 0.0, 0.0, 0.0, 0.0, 0.0, 0.0, 0.0, 0.0, 0.0, 0.0, 0.0, 0.0, 0.0, 0.0, 0.0, 0.0, 0.0, 0.0, 0.0, 0.0, 0.0, 0.0, 0.0, 0.0, 0.0, 0.0, 0.0, 0.0], [0.455618, 0.563045, 0.309537, 0.388641, 0.385068, 0.157416, 0.877867, 0.022549, 0.414376, 0.854288, 0.322684, 0.349464, 0.48369, 0.440597, 0.041426, 0.390663, 0.795149, 0.14049, 0.082931, 0.306729, 0.051066, 0.424788, 0.053471, 0.443685, 0.789763, 0.500815, 0.549179, 0.355977, 0.230693, 0.848912, 0.349955, 0.458065, 0.0, 0.036605, 0.466341, 0.223183, 0.472086, 0.204832, 0.243289, 0.052562, 0.080671, 0.082538, 0.205238, 0.041781, 0.161488, 0.545623, 0.019297, 0.149056, 0.109916, 0.300223, 0.0, 0.0, 0.0, 0.0, 0.0, 0.0, 0.0, 0.0, 0.0, 0.0, 0.0, 0.0, 0.0, 0.0, 0.0, 0.0, 0.0, 0.0, 0.0, 0.0, 0.0, 0.0, 0.0, 0.0, 0.0, 0.0, 0.0, 0.0, 0.0, 0.0, 0.0, 0.0, 0.0, 0.0, 0.0, 0.0, 0.0, 0.0, 0.0, 0.0, 0.0, 0.0, 0.0, 0.0, 0.0, 0.0, 0.0, 0.0, 0.0, 0.0, 0.0, 0.0, 0.0, 0.0, 0.0, 0.0, 0.0, 0.0, 0.0, 0.0, 0.0, 0.0, 0.0, 0.0, 0.0, 0.0, 0.0, 0.0, 0.0, 0.0, 0.0, 0.0, 0.0, 0.0, 0.0, 0.0, 0.0, 0.0, 0.0, 0.0, 0.0, 0.0, 0.0, 0.0, 0.0, 0.0, 0.0, 0.0, 0.0, 0.0, 0.0, 0.0, 0.0, 0.0, 0.0, 0.0], [0.783249, 0.548939, 0.675945, 0.097501, 0.692965, 0.430676, 0.429284, 0.453825, 0.191967, 0.846909, 0.462163, 0.112998, 0.148609, 0.302021, 0.132883, 0.125187, 0.493844, 0.260422, 0.360499, 0.451157, 0.288462, 0.189461, 0.591207, 0.760126, 0.738153, 0.058535, 0.681114, 0.267976, 0.531208, 0.769991, 0.261651, 0.102658, 0.036605, 0.0, 0.71558, 0.684413, 0.510611, 0.3492, 0.691248, 0.794168, 0.696851, 0.645456, 0.264563, 0.126761, 0.631027, 0.635155, 0.330551, 0.767045, 0.377913, 0.708615, 0.0, 0.0, 0.0, 0.0, 0.0, 0.0, 0.0, 0.0, 0.0, 0.0, 0.0, 0.0, 0.0, 0.0, 0.0, 0.0, 0.0, 0.0, 0.0, 0.0, 0.0, 0.0, 0.0, 0.0, 0.0, 0.0, 0.0, 0.0, 0.0, 0.0, 0.0, 0.0, 0.0, 0.0, 0.0, 0.0, 0.0, 0.0, 0.0, 0.0, 0.0, 0.0, 0.0, 0.0, 0.0, 0.0, 0.0, 0.0, 0.0, 0.0, 0.0, 0.0, 0.0, 0.0, 0.0, 0.0, 0.0, 0.0, 0.0, 0.0, 0.0, 0.0, 0.0, 0.0, 0.0, 0.0, 0.0, 0.0, 0.0, 0.0, 0.0, 0.0, 0.0, 0.0, 0.0, 0.0, 0.0, 0.0, 0.0, 0.0, 0.0, 0.0, 0.0, 0.0, 0.0, 0.0, 0.0, 0.0, 0.0, 0.0, 0.0, 0.0, 0.0, 0.0, 0.0, 0.0], [0.965466, 0.850543, 0.286041, 0.52719, 0.93108, 0.61609, 0.652935, 0.637652, 0.654908, 0.863593, 0.692024, 0.70889, 0.836243, 0.530628, 0.013228, 0.601485, 0.848863, 0.133218, 0.327802, 0.245354, 0.653488, 0.616715, 0.596564, 0.05868, 0.702215, 0.326547, 0.382673, 0.429833, 0.429506, 0.819181, 0.596745, 0.682524, 0.466341, 0.71558, 0.0, 0.201118, 0.535476, 0.118773, 0.394829, 0.303082, 0.068054, 0.172768, 0.095354, 0.081818, 0.350618, 0.420175, 0.022754, 0.367081, 0.102474, 0.260416, 0.0, 0.0, 0.0, 0.0, 0.0, 0.0, 0.0, 0.0, 0.0, 0.0, 0.0, 0.0, 0.0, 0.0, 0.0, 0.0, 0.0, 0.0, 0.0, 0.0, 0.0, 0.0, 0.0, 0.0, 0.0, 0.0, 0.0, 0.0, 0.0, 0.0, 0.0, 0.0, 0.0, 0.0, 0.0, 0.0, 0.0, 0.0, 0.0, 0.0, 0.0, 0.0, 0.0, 0.0, 0.0, 0.0, 0.0, 0.0, 0.0, 0.0, 0.0, 0.0, 0.0, 0.0, 0.0, 0.0, 0.0, 0.0, 0.0, 0.0, 0.0, 0.0, 0.0, 0.0, 0.0, 0.0, 0.0, 0.0, 0.0, 0.0, 0.0, 0.0, 0.0, 0.0, 0.0, 0.0, 0.0, 0.0, 0.0, 0.0, 0.0, 0.0, 0.0, 0.0, 0.0, 0.0, 0.0, 0.0, 0.0, 0.0, 0.0, 0.0, 0.0, 0.0, 0.0, 0.0], [0.309932, 0.391134, 0.297755, 0.33469, 0.899131, 0.455252, 0.656005, 0.399516, 0.042564, 0.8632, 0.355723, 0.080825, 0.458113, 0.609793, 0.049888, 0.162156, 0.570431, 0.077974, 0.250303, 0.667486, 0.245053, 0.470454, 0.55251, 0.383223, 0.667919, 0.431667, 0.259459, 0.611695, 0.319174, 0.756814, 0.007246, 0.304285, 0.223183, 0.684413, 0.201118, 0.0, 0.475142, 0.643213, 0.804954, 0.706814, 0.671226, 0.757729, 0.815014, 0.014109, 0.742501, 0.875766, 0.108686, 0.864925, 0.591992, 0.334471, 0.0, 0.0, 0.0, 0.0, 0.0, 0.0, 0.0, 0.0, 0.0, 0.0, 0.0, 0.0, 0.0, 0.0, 0.0, 0.0, 0.0, 0.0, 0.0, 0.0, 0.0, 0.0, 0.0, 0.0, 0.0, 0.0, 0.0, 0.0, 0.0, 0.0, 0.0, 0.0, 0.0, 0.0, 0.0, 0.0, 0.0, 0.0, 0.0, 0.0, 0.0, 0.0, 0.0, 0.0, 0.0, 0.0, 0.0, 0.0, 0.0, 0.0, 0.0, 0.0, 0.0, 0.0, 0.0, 0.0, 0.0, 0.0, 0.0, 0.0, 0.0, 0.0, 0.0, 0.0, 0.0, 0.0, 0.0, 0.0, 0.0, 0.0, 0.0, 0.0, 0.0, 0.0, 0.0, 0.0, 0.0, 0.0, 0.0, 0.0, 0.0, 0.0, 0.0, 0.0, 0.0, 0.0, 0.0, 0.0, 0.0, 0.0, 0.0, 0.0, 0.0, 0.0, 0.0, 0.0], [0.455795, 0.629062, 0.084513, 0.537082, 0.37113, 0.561734, 0.210252, 0.179024, 0.578576, 0.56536, 0.508739, 0.592551, 0.826769, 0.57697, 0.344536, 0.559293, 0.343173, 0.303757, 0.340128, 0.497843, 0.102651, 0.651957, 0.556317, 0.36267, 0.663636, 0.475708, 0.320824, 0.503936, 0.205404, 0.402003, 0.473619, 0.696102, 0.472086, 0.510611, 0.535476, 0.475142, 0.0, 0.112484, 0.423972, 0.177012, 0.003818, 0.106979, 0.257841, 0.019377, 0.086353, 0.639132, 0.004425, 0.484478, 0.159655, 0.380656, 0.0, 0.0, 0.0, 0.0, 0.0, 0.0, 0.0, 0.0, 0.0, 0.0, 0.0, 0.0, 0.0, 0.0, 0.0, 0.0, 0.0, 0.0, 0.0, 0.0, 0.0, 0.0, 0.0, 0.0, 0.0, 0.0, 0.0, 0.0, 0.0, 0.0, 0.0, 0.0, 0.0, 0.0, 0.0, 0.0, 0.0, 0.0, 0.0, 0.0, 0.0, 0.0, 0.0, 0.0, 0.0, 0.0, 0.0, 0.0, 0.0, 0.0, 0.0, 0.0, 0.0, 0.0, 0.0, 0.0, 0.0, 0.0, 0.0, 0.0, 0.0, 0.0, 0.0, 0.0, 0.0, 0.0, 0.0, 0.0, 0.0, 0.0, 0.0, 0.0, 0.0, 0.0, 0.0, 0.0, 0.0, 0.0, 0.0, 0.0, 0.0, 0.0, 0.0, 0.0, 0.0, 0.0, 0.0, 0.0, 0.0, 0.0, 0.0, 0.0, 0.0, 0.0, 0.0, 0.0], [0.36495, 0.635273, 0.619195, 0.305982, 0.638178, 0.111369, 0.259407, 0.661686, 0.218713, 0.364748, 0.019488, 0.508328, 0.568527, 0.400891, 0.366315, 0.094872, 0.006965, 0.091665, 0.354611, 0.264163, 0.362578, 0.40821, 0.516555, 0.302055, 0.783554, 0.527976, 0.566005, 0.265911, 0.745326, 0.573533, 0.045151, 0.416748, 0.204832, 0.3492, 0.118773, 0.643213, 0.112484, 0.0, 0.623678, 0.040788, 0.329973, 0.09051, 0.291153, 0.600212, 0.863101, 0.802632, 0.218746, 0.832628, 0.167742, 0.439142, 0.0, 0.0, 0.0, 0.0, 0.0, 0.0, 0.0, 0.0, 0.0, 0.0, 0.0, 0.0, 0.0, 0.0, 0.0, 0.0, 0.0, 0.0, 0.0, 0.0, 0.0, 0.0, 0.0, 0.0, 0.0, 0.0, 0.0, 0.0, 0.0, 0.0, 0.0, 0.0, 0.0, 0.0, 0.0, 0.0, 0.0, 0.0, 0.0, 0.0, 0.0, 0.0, 0.0, 0.0, 0.0, 0.0, 0.0, 0.0, 0.0, 0.0, 0.0, 0.0, 0.0, 0.0, 0.0, 0.0, 0.0, 0.0, 0.0, 0.0, 0.0, 0.0, 0.0, 0.0, 0.0, 0.0, 0.0, 0.0, 0.0, 0.0, 0.0, 0.0, 0.0, 0.0, 0.0, 0.0, 0.0, 0.0, 0.0, 0.0, 0.0, 0.0, 0.0, 0.0, 0.0, 0.0, 0.0, 0.0, 0.0, 0.0, 0.0, 0.0, 0.0, 0.0, 0.0, 0.0], [0.920089, 0.800412, 0.451288, 0.52722, 0.492017, 0.300712, 0.832503, 0.138078, 0.41759, 0.862423, 0.517514, 0.593175, 0.82025, 0.421514, 0.474143, 0.257718, 0.844347, 0.227183, 0.118559, 0.033156, 0.509028, 0.4906, 0.282332, 0.813736, 0.804132, 0.293121, 0.817224, 0.177393, 0.094848, 0.866893, 0.055446, 0.575898, 0.243289, 0.691248, 0.394829, 0.804954, 0.423972, 0.623678, 0.0, 0.973311, 0.538432, 0.951564, 0.323442, 0.16281, 0.252199, 0.733449, 0.267668, 0.62376, 0.352732, 0.339966, 0.0, 0.0, 0.0, 0.0, 0.0, 0.0, 0.0, 0.0, 0.0, 0.0, 0.0, 0.0, 0.0, 0.0, 0.0, 0.0, 0.0, 0.0, 0.0, 0.0, 0.0, 0.0, 0.0, 0.0, 0.0, 0.0, 0.0, 0.0, 0.0, 0.0, 0.0, 0.0, 0.0, 0.0, 0.0, 0.0, 0.0, 0.0, 0.0, 0.0, 0.0, 0.0, 0.0, 0.0, 0.0, 0.0, 0.0, 0.0, 0.0, 0.0, 0.0, 0.0, 0.0, 0.0, 0.0, 0.0, 0.0, 0.0, 0.0, 0.0, 0.0, 0.0, 0.0, 0.0, 0.0, 0.0, 0.0, 0.0, 0.0, 0.0, 0.0, 0.0, 0.0, 0.0, 0.0, 0.0, 0.0, 0.0, 0.0, 0.0, 0.0, 0.0, 0.0, 0.0, 0.0, 0.0, 0.0, 0.0, 0.0, 0.0, 0.0, 0.0, 0.0, 0.0, 0.0, 0.0], [0.228442, 0.904613, 0.428614, 0.045508, 0.104429, 0.351366, 0.053409, 0.194848, 0.081079, 0.426451, 0.223074, 0.439091, 0.833434, 0.021927, 0.077222, 0.112072, 0.416105, 0.055288, 0.062403, 0.005283, 0.319851, 0.123997, 0.384456, 0.152948, 0.685105, 0.172379, 0.42684, 0.03194, 0.148503, 0.010398, 0.106474, 0.198697, 0.052562, 0.794168, 0.303082, 0.706814, 0.177012, 0.040788, 0.973311, 0.0, 0.42781, 0.588874, 0.233989, 0.272102, 0.62171, 0.403562, 0.256115, 0.744728, 0.067254, 0.260299, 0.0, 0.0, 0.0, 0.0, 0.0, 0.0, 0.0, 0.0, 0.0, 0.0, 0.0, 0.0, 0.0, 0.0, 0.0, 0.0, 0.0, 0.0, 0.0, 0.0, 0.0, 0.0, 0.0, 0.0, 0.0, 0.0, 0.0, 0.0, 0.0, 0.0, 0.0, 0.0, 0.0, 0.0, 0.0, 0.0, 0.0, 0.0, 0.0, 0.0, 0.0, 0.0, 0.0, 0.0, 0.0, 0.0, 0.0, 0.0, 0.0, 0.0, 0.0, 0.0, 0.0, 0.0, 0.0, 0.0, 0.0, 0.0, 0.0, 0.0, 0.0, 0.0, 0.0, 0.0, 0.0, 0.0, 0.0, 0.0, 0.0, 0.0, 0.0, 0.0, 0.0, 0.0, 0.0, 0.0, 0.0, 0.0, 0.0, 0.0, 0.0, 0.0, 0.0, 0.0, 0.0, 0.0, 0.0, 0.0, 0.0, 0.0, 0.0, 0.0, 0.0, 0.0, 0.0, 0.0], [0.468127, 0.424806, 0.705948, 0.299229, 0.774998, 0.264443, 0.179955, 0.117848, 0.016796, 0.775718, 0.289634, 0.218978, 0.639763, 0.329143, 0.067623, 0.07885, 0.027449, 0.109497, 0.144631, 0.484917, 0.325756, 0.320067, 0.451945, 0.962557, 0.789203, 0.513974, 0.605269, 0.412884, 0.380068, 0.546065, 0.005072, 0.324015, 0.080671, 0.696851, 0.068054, 0.671226, 0.003818, 0.329973, 0.538432, 0.42781, 0.0, 0.776947, 0.855995, 0.835347, 0.722477, 0.956157, 0.663838, 0.966781, 0.82515, 0.60792, 0.0, 0.0, 0.0, 0.0, 0.0, 0.0, 0.0, 0.0, 0.0, 0.0, 0.0, 0.0, 0.0, 0.0, 0.0, 0.0, 0.0, 0.0, 0.0, 0.0, 0.0, 0.0, 0.0, 0.0, 0.0, 0.0, 0.0, 0.0, 0.0, 0.0, 0.0, 0.0, 0.0, 0.0, 0.0, 0.0, 0.0, 0.0, 0.0, 0.0, 0.0, 0.0, 0.0, 0.0, 0.0, 0.0, 0.0, 0.0, 0.0, 0.0, 0.0, 0.0, 0.0, 0.0, 0.0, 0.0, 0.0, 0.0, 0.0, 0.0, 0.0, 0.0, 0.0, 0.0, 0.0, 0.0, 0.0, 0.0, 0.0, 0.0, 0.0, 0.0, 0.0, 0.0, 0.0, 0.0, 0.0, 0.0, 0.0, 0.0, 0.0, 0.0, 0.0, 0.0, 0.0, 0.0, 0.0, 0.0, 0.0, 0.0, 0.0, 0.0, 0.0, 0.0, 0.0, 0.0], [0.371097, 0.208458, 0.304614, 0.255676, 0.224513, 0.177945, 0.371922, 0.197767, 0.1198, 0.451433, 0.032605, 0.170278, 0.947925, 0.116767, 0.021