time-linkage:[30.007, 30.004, 30.013]
time-dependency:[30.003, 30.003, 30.004, 30.003, 30.005, 30.002, 30.007, 30.005, 30.003, 30.012, 30.007, 30.003, 30.006, 30.005, 30.002, 30.005, 30.006, 30.002, 30.004, 30.003]
objective-linkage:[1850000.0, 1830000.0, 1320000.0]
objective-dependency:[36600.0, 51100.0, 0.000155, 2.68e-06, 46.5, 16200.0, 0.00025, 4.38e-09, 1810.0, 4.55e-05, 0.000884, 2.36e-05, 0.000357, 0.000905, 26600.0, 0.000453, 5.63e-06, 3190.0, 18300.0, 50100.0]