[[0.0, 2.1813122666666667, 0.38884546666666664, 0.4283577666666667, 0.07321949999999999, 0.06280813333333335, 0.06598593333333333, 0.03817553333333334, 0.04794406666666667, 0.04292576666666666, 0.04214846666666667, 0.03678886666666666, 0.043099533333333336, 0.04943876666666667, 0.04378053333333334, 0.04823673333333333, 0.05513203333333333, 0.04202973333333333, 0.0748409, 0.05424593333333333, 0.040846933333333335, 0.04055893333333332, 0.06468230000000001, 0.053763366666666666, 0.05234426666666666, 0.04634626666666667, 0.034425800000000006, 0.031752166666666665, 0.04296516666666667, 0.03573033333333333, 0.031747000000000004, 0.045246966666666666, 0.055044, 0.056082, 0.02907043333333334, 0.0393521, 0.031026, 0.0534104, 0.048743533333333325, 0.05396446666666666, 0.05371506666666667, 0.060157300000000004, 0.048076400000000005, 0.04722253333333333, 0.02866453333333334, 0.02637533333333333, 0.03754413333333333, 0.0306677, 0.04320546666666668, 0.04669580000000001], [2.1813122666666667, 0.0, 0.3722558333333333, 0.4380265666666666, 0.07809730000000001, 0.08060636666666667, 0.08016743333333334, 0.04186573333333333, 0.05253573333333333, 0.0457997, 0.0457638, 0.040112166666666664, 0.04470386666666667, 0.05370550000000001, 0.047576933333333335, 0.050130466666666665, 0.05679186666666667, 0.04239866666666667, 0.07891956666666665, 0.0578271, 0.042726233333333336, 0.045245500000000015, 0.05928363333333334, 0.05095933333333333, 0.05290423333333333, 0.04315096666666667, 0.03456476666666667, 0.030546900000000002, 0.035312433333333344, 0.03652006666666667, 0.03730713333333333, 0.04930056666666668, 0.05333606666666666, 0.05949773333333333, 0.02930056666666667, 0.03755346666666667, 0.0339821, 0.05184846666666666, 0.05752543333333333, 0.058716533333333334, 0.0585857, 0.06393026666666667, 0.044392666666666664, 0.050254433333333334, 0.02872753333333333, 0.0258425, 0.032483000000000005, 0.0275183, 0.0363553, 0.04103833333333334], [0.38884546666666664, 0.3722558333333333, 0.0, 0.9917333666666667, 0.06099156666666667, 0.07256093333333331, 0.06834309999999999, 0.04512013333333334, 0.04693603333333332, 0.0451865, 0.04282366666666666, 0.04842523333333333, 0.0640991, 0.063507, 0.04934563333333333, 0.0499631, 0.06155436666666665, 0.04088033333333334, 0.07452093333333334, 0.06437273333333332, 0.06539746666666668, 0.03715773333333334, 0.05721103333333334, 0.053542466666666656, 0.05028953333333333, 0.04530333333333332, 0.038076733333333335, 0.029761833333333338, 0.041185833333333324, 0.03881636666666668, 0.047938800000000004, 0.025175599999999996, 0.04682536666666667, 0.04826093333333333, 0.030419033333333328, 0.037680766666666664, 0.037201733333333334, 0.05930026666666666, 0.045069600000000015, 0.05377479999999999, 0.04466406666666667, 0.06123353333333333, 0.06128806666666667, 0.0404489, 0.0259869, 0.030161466666666668, 0.027484433333333332, 0.04591503333333333, 0.028593333333333335, 0.035674800000000007], [0.4283577666666667, 0.4380265666666666, 0.9917333666666667, 0.0, 0.10203303333333334, 0.1141635, 0.09738413333333333, 0.04077436666666666, 0.05163676666666665, 0.05289246666666667, 0.05185246666666669, 0.041259699999999996, 0.04849716666666667, 0.056213666666666655, 0.06035993333333333, 0.05599779999999999, 0.06529873333333334, 0.05642656666666667, 0.08200069999999998, 0.05790403333333334, 0.04820726666666667, 0.041652733333333324, 0.0561256, 0.05051106666666667, 0.07748943333333333, 0.05292863333333333, 0.04422023333333333, 0.03099033333333333, 0.04146456666666668, 0.03347163333333334, 0.05181656666666667, 0.03681313333333334, 0.06002236666666666, 0.06293963333333333, 0.03294623333333334, 0.036520000000000004, 0.037913800000000004, 0.043936666666666666, 0.032514299999999996, 0.06398573333333334, 0.05638956666666668, 0.06248870000000001, 0.04426856666666666, 0.027199666666666664, 0.0247145, 0.030884100000000005, 0.03189886666666667, 0.04948166666666666, 0.03599833333333334, 0.0367126], [0.07321949999999999, 0.07809730000000001, 0.06099156666666667, 0.10203303333333334, 0.0, 1.1169038000000002, 0.5668792333333333, 0.10679826666666667, 0.0889046, 0.08288873333333334, 0.07245016666666668, 0.0806366, 0.08010013333333334, 0.09585209999999998, 0.11360523333333332, 0.09806066666666667, 0.09616410000000002, 0.07484659999999999, 0.10331703333333331, 0.058900333333333325, 0.054704366666666664, 0.050912500000000006, 0.054283700000000004, 0.044989633333333334, 0.0427757, 0.04722536666666667, 0.041841566666666656, 0.047375466666666664, 0.05654866666666666, 0.03705993333333333, 0.034549233333333325, 0.04917516666666667, 0.03960923333333333, 0.04453376666666667, 0.05923779999999999, 0.06928653333333336, 0.0585324, 0.04705353333333333, 0.05297576666666665, 0.061182699999999986, 0.0431523, 0.06193973333333335, 0.04405666666666668, 0.05013126666666667, 0.045104966666666656, 0.052747466666666645, 0.04019916666666666, 0.052427600000000005, 0.04357443333333333, 0.03711036666666667], [0.06280813333333335, 0.08060636666666667, 0.07256093333333331, 0.1141635, 1.1169038000000002, 0.0, 0.6427644333333332, 0.10506233333333331, 0.12244876666666667, 0.08567319999999998, 0.08703696666666666, 0.09295776666666669, 0.07842016666666668, 0.08990043333333332, 0.12261433333333335, 0.11941063333333334, 0.09802793333333333, 0.06934486666666667, 0.10132016666666666, 0.0669943666666667, 0.05925679999999999, 0.06017026666666666, 0.06067839999999999, 0.03343550000000001, 0.04504173333333334, 0.0483609, 0.04100666666666666, 0.05319016666666668, 0.05415236666666667, 0.03424373333333334, 0.03642126666666667, 0.058040066666666654, 0.038271000000000006, 0.04482476666666666, 0.053823733333333346, 0.07787363333333333, 0.04482889999999999, 0.05039073333333334, 0.052900466666666666, 0.07202016666666668, 0.05615036666666666, 0.07879019999999999, 0.04446616666666666, 0.06296523333333334, 0.034920266666666665, 0.043185900000000006, 0.046766633333333335, 0.04866893333333333, 0.05053623333333333, 0.04608243333333334], [0.06598593333333333, 0.08016743333333334, 0.06834309999999999, 0.09738413333333333, 0.5668792333333333, 0.6427644333333332, 0.0, 0.08907303333333332, 0.1589776333333333, 0.34369633333333327, 0.34972796666666667, 0.3145498, 0.16503683333333335, 0.12948556666666663, 0.1371695, 0.1328026333333333, 0.14162039999999998, 0.09959313333333335, 0.1280262, 0.06376896666666665, 0.05516916666666665, 0.04504626666666667, 0.06614413333333333, 0.032222366666666676, 0.037414366666666664, 0.04162116666666667, 0.04520576666666666, 0.03871029999999999, 0.04018503333333333, 0.02642593333333334, 0.0225128, 0.031803733333333334, 0.04412700000000001, 0.04267203333333334, 0.04263033333333333, 0.04321166666666665, 0.03480496666666666, 0.04595513333333332, 0.051313199999999996, 0.04984449999999999, 0.04806863333333333, 0.05583146666666667, 0.047456000000000005, 0.0497766, 0.04638493333333333, 0.045014733333333334, 0.05250853333333334, 0.03956330000000001, 0.045816566666666676, 0.047119799999999996], [0.03817553333333334, 0.04186573333333333, 0.04512013333333334, 0.04077436666666666, 0.10679826666666667, 0.10506233333333331, 0.08907303333333332, 0.0, 0.3496620000000001, 0.09357750000000002, 0.08472659999999999, 0.056373599999999996, 0.045335233333333336, 0.05879693333333335, 0.05535729999999999, 0.04771796666666667, 0.051016666666666675, 0.0501874, 0.05048326666666667, 0.0416239, 0.04371656666666668, 0.049168399999999994, 0.028484400000000003, 0.0474506, 0.0463001, 0.05843453333333333, 0.041542200000000015, 0.029213900000000008, 0.04078759999999999, 0.05471366666666666, 0.06141553333333333, 0.066251, 0.0450427, 0.05449366666666666, 0.0490257, 0.048197199999999996, 0.04750783333333334, 0.04263366666666667, 0.04094486666666668, 0.06117603333333334, 0.0639868, 0.07548299999999998, 0.07071206666666667, 0.0761308, 0.05406620000000001, 0.06002516666666668, 0.05496143333333333, 0.04997990000000001, 0.05093206666666667, 0.05641506666666669], [0.04794406666666667, 0.05253573333333333, 0.04693603333333332, 0.05163676666666665, 0.0889046, 0.12244876666666667, 0.1589776333333333, 0.3496620000000001, 0.0, 0.2374795333333333, 0.22190623333333334, 0.20701363333333334, 0.12328753333333334, 0.1202547, 0.11932613333333336, 0.11009516666666666, 0.1075774, 0.09553470000000001, 0.10242796666666668, 0.0597602, 0.044710466666666664, 0.04733336666666667, 0.06325626666666667, 0.04686086666666667, 0.05114173333333334, 0.0538716, 0.0390357, 0.05115963333333332, 0.0641465, 0.04878000000000001, 0.050896300000000005, 0.06777846666666665, 0.06745276666666666, 0.09103589999999999, 0.05440623333333333, 0.07583493333333335, 0.05129976666666668, 0.0579965, 0.05042236666666667, 0.0507767, 0.05895246666666666, 0.07749239999999999, 0.062054633333333324, 0.0748647, 0.03564246666666667, 0.03924143333333333, 0.038588433333333325, 0.055493766666666666, 0.043583933333333325, 0.03746309999999999], [0.04292576666666666, 0.0457997, 0.0451865, 0.05289246666666667, 0.08288873333333334, 0.08567319999999998, 0.34369633333333327, 0.09357750000000002, 0.2374795333333333, 0.0, 1.7794761666666665, 1.0952409666666667, 0.18268986666666667, 0.13087543333333335, 0.15463863333333333, 0.15663483333333333, 0.15248136666666667, 0.14404986666666666, 0.14439126666666668, 0.07657196666666667, 0.07004040000000002, 0.05031799999999999, 0.0639818, 0.03540809999999999, 0.06094143333333333, 0.05972306666666665, 0.07065333333333332, 0.04096503333333333, 0.04328776666666668, 0.04249316666666666, 0.040195466666666665, 0.06153220000000001, 0.050897500000000005, 0.06962546666666666, 0.04359186666666667, 0.058160833333333335, 0.05017573333333333, 0.05326383333333332, 0.04213616666666667, 0.04280520000000001, 0.036241833333333334, 0.048122600000000015, 0.04710303333333333, 0.04538446666666667, 0.037008, 0.03602093333333333, 0.04211659999999999, 0.05762603333333332, 0.04438936666666669, 0.03828696666666667], [0.04214846666666667, 0.0457638, 0.04282366666666666, 0.05185246666666669, 0.07245016666666668, 0.08703696666666666, 0.34972796666666667, 0.08472659999999999, 0.22190623333333334, 1.7794761666666665, 0.0, 1.1028943666666666, 0.1875164666666667, 0.13392563333333332, 0.15507210000000002, 0.15404779999999998, 0.15454786666666667, 0.1460913666666667, 0.14799083333333335, 0.08236333333333333, 0.0682873, 0.053399800000000004, 0.0736313, 0.028419533333333337, 0.05890970000000001, 0.05803626666666667, 0.06373179999999999, 0.05018176666666667, 0.041652100000000004, 0.041511933333333334, 0.03970786666666666, 0.06592793333333333, 0.04480833333333333, 0.06242583333333333, 0.04829409999999999, 0.06384116666666667, 0.049292533333333326, 0.060312633333333344, 0.05150866666666667, 0.04145220000000001, 0.03924253333333333, 0.04716056666666665, 0.04219719999999999, 0.0409181, 0.0367741, 0.032935099999999995, 0.03407356666666666, 0.0416413, 0.03911843333333332, 0.03730403333333334], [0.03678886666666666, 0.040112166666666664, 0.04842523333333333, 0.041259699999999996, 0.0806366, 0.09295776666666669, 0.3145498, 0.056373599999999996, 0.20701363333333334, 1.0952409666666667, 1.1028943666666666, 0.0, 0.19334799999999996, 0.22706556666666666, 0.3674697333333334, 0.3724225666666667, 0.34563879999999997, 0.2396512, 0.24779370000000003, 0.04395919999999999, 0.04497786666666667, 0.029587366666666667, 0.0588998, 0.03422516666666667, 0.03923753333333334, 0.04316010000000001, 0.050677433333333334, 0.0574423, 0.045531966666666666, 0.046202266666666665, 0.040980233333333324, 0.03822176666666667, 0.038474799999999997, 0.04697103333333333, 0.027688999999999995, 0.03606246666666667, 0.033037199999999996, 0.05446026666666667, 0.0495718, 0.03252636666666667, 0.04174050000000001, 0.05325903333333334, 0.06267436666666668, 0.058656066666666666, 0.046930266666666665, 0.038248899999999995, 0.027713033333333338, 0.022671433333333334, 0.0281703, 0.03608136666666668], [0.043099533333333336, 0.04470386666666667, 0.0640991, 0.04849716666666667, 0.08010013333333334, 0.07842016666666668, 0.16503683333333335, 0.045335233333333336, 0.12328753333333334, 0.18268986666666667, 0.1875164666666667, 0.19334799999999996, 0.0, 0.4714701333333334, 0.12718590000000002, 0.13157596666666665, 0.11836346666666667, 0.11312320000000003, 0.11904756666666669, 0.060074200000000015, 0.05024976666666667, 0.04395123333333334, 0.05631753333333333, 0.04214273333333334, 0.055498766666666664, 0.059642799999999996, 0.05241840000000001, 0.07369133333333336, 0.06497393333333332, 0.03473403333333334, 0.0396561, 0.051860566666666684, 0.055990266666666656, 0.07091623333333333, 0.04052956666666667, 0.04061186666666667, 0.03843326666666667, 0.04284549999999999, 0.0401126, 0.04646596666666666, 0.04267130000000001, 0.061432266666666666, 0.03391476666666667, 0.02974136666666666, 0.042101166666666655, 0.041955400000000004, 0.05834790000000001, 0.07202279999999998, 0.08137133333333332, 0.051841200000000004], [0.04943876666666667, 0.05370550000000001, 0.063507, 0.056213666666666655, 0.09585209999999998, 0.08990043333333332, 0.12948556666666663, 0.05879693333333335, 0.1202547, 0.13087543333333335, 0.13392563333333332, 0.22706556666666666, 0.4714701333333334, 0.0, 0.3045126666666666, 0.2948643000000001, 0.28396916666666666, 0.20392713333333334, 0.23846436666666668, 0.051885733333333336, 0.0482424, 0.055457200000000005, 0.04736329999999999, 0.04309816666666666, 0.03889253333333335, 0.04880769999999999, 0.05280666666666668, 0.03307403333333333, 0.048098766666666674, 0.04996246666666666, 0.05148676666666665, 0.05996023333333334, 0.05718150000000001, 0.07848566666666666, 0.03304496666666667, 0.03327236666666666, 0.043993700000000004, 0.03371626666666667, 0.05373690000000001, 0.060304600000000014, 0.0627311, 0.07264296666666664, 0.043961266666666665, 0.0592418, 0.031961666666666666, 0.033071899999999994, 0.03770603333333333, 0.04586746666666667, 0.06068629999999999, 0.05151139999999999], [0.04378053333333334, 0.047576933333333335, 0.04934563333333333, 0.06035993333333333, 0.11360523333333332, 0.12261433333333335, 0.1371695, 0.05535729999999999, 0.11932613333333336, 0.15463863333333333, 0.15507210000000002, 0.3674697333333334, 0.12718590000000002, 0.3045126666666666, 0.0, 1.8304594666666671, 1.2227908999999997, 0.32655043333333333, 0.35732523333333327, 0.07616836666666667, 0.05610069999999999, 0.051405833333333345, 0.08279096666666666, 0.056344866666666674, 0.04836186666666667, 0.053232100000000004, 0.06278286666666666, 0.02988296666666667, 0.04369536666666666, 0.04837509999999999, 0.0427287, 0.05493946666666666, 0.056047166666666655, 0.0760532, 0.050523099999999994, 0.05873166666666667, 0.0708799, 0.045500299999999994, 0.05327823333333333, 0.08628236666666665, 0.0856077, 0.1156270666666667, 0.0640931, 0.062181000000000014, 0.05303973333333333, 0.032170166666666666, 0.037284000000000005, 0.04567153333333334, 0.04603170000000001, 0.04574509999999999], [0.04823673333333333, 0.050130466666666665, 0.0499631, 0.05599779999999999, 0.09806066666666667, 0.11941063333333334, 0.1328026333333333, 0.04771796666666667, 0.11009516666666666, 0.15663483333333333, 0.15404779999999998, 0.3724225666666667, 0.13157596666666665, 0.2948643000000001, 1.8304594666666671, 0.0, 1.3089038333333332, 0.3339468, 0.36185120000000004, 0.08524436666666667, 0.06257096666666667, 0.06554896666666667, 0.07071243333333335, 0.05336999999999999, 0.04628236666666667, 0.054217933333333315, 0.054297666666666675, 0.0347028, 0.046918033333333345, 0.05384136666666666, 0.04628963333333334, 0.049259833333333336, 0.055336233333333346, 0.06588443333333334, 0.045223066666666666, 0.06843243333333333, 0.04690713333333334, 0.0441853, 0.0518176, 0.07634449999999998, 0.07380276666666667, 0.0961343, 0.06721986666666666, 0.06692863333333333, 0.05901733333333333, 0.03384516666666666, 0.041650033333333336, 0.05513293333333333, 0.04774296666666666, 0.052425466666666656], [0.05513203333333333, 0.05679186666666667, 0.06155436666666665, 0.06529873333333334, 0.09616410000000002, 0.09802793333333333, 0.14162039999999998, 0.051016666666666675, 0.1075774, 0.15248136666666667, 0.15454786666666667, 0.34563879999999997, 0.11836346666666667, 0.28396916666666666, 1.2227908999999997, 1.3089038333333332, 0.0, 0.32322419999999996, 0.37231526666666676, 0.14810243333333334, 0.13442516666666668, 0.13869406666666664, 0.08205906666666668, 0.08062286666666665, 0.0476709, 0.05512253333333334, 0.06033913333333332, 0.029388733333333337, 0.045890700000000006, 0.04127716666666667, 0.03652670000000001, 0.047732100000000006, 0.04901110000000001, 0.056018866666666674, 0.0307766, 0.05036526666666668, 0.05153639999999999, 0.047389566666666674, 0.0473485, 0.06483233333333335, 0.0541433, 0.08286203333333336, 0.0555053, 0.04054036666666668, 0.048288233333333326, 0.034633033333333334, 0.038937566666666666, 0.03315013333333334, 0.04100466666666666, 0.043864366666666675], [0.04202973333333333, 0.04239866666666667, 0.04088033333333334, 0.05642656666666667, 0.07484659999999999, 0.06934486666666667, 0.09959313333333335, 0.0501874, 0.09553470000000001, 0.14404986666666666, 0.1460913666666667, 0.2396512, 0.11312320000000003, 0.20392713333333334, 0.32655043333333333, 0.3339468, 0.32322419999999996, 0.0, 0.8212333333333335, 0.08943306666666664, 0.070186, 0.07613486666666666, 0.05402056666666666, 0.05051456666666666, 0.07373569999999999, 0.07027106666666667, 0.07755303333333333, 0.034677733333333335, 0.039468233333333345, 0.05459310000000001, 0.0477454, 0.04723929999999999, 0.0369498, 0.07487726666666669, 0.051637199999999994, 0.05084866666666668, 0.04536146666666667, 0.05677126666666664, 0.04049736666666666, 0.06447853333333331, 0.04541739999999998, 0.07020226666666667, 0.07133143333333332, 0.07029369999999999, 0.031144033333333338, 0.0318272, 0.04903803333333333, 0.04493800000000001, 0.05324463333333334, 0.05334423333333334], [0.0748409, 0.07891956666666665, 0.07452093333333334, 0.08200069999999998, 0.10331703333333331, 0.10132016666666666, 0.1280262, 0.05048326666666667, 0.10242796666666668, 0.14439126666666668, 0.14799083333333335, 0.24779370000000003, 0.11904756666666669, 0.23846436666666668, 0.35732523333333327, 0.36185120000000004, 0.37231526666666676, 0.8212333333333335, 0.0, 0.13992083333333336, 0.12798333333333337, 0.12914950000000003, 0.07179693333333334, 0.06219646666666667, 0.06955426666666668, 0.06638710000000002, 0.06767490000000002, 0.04062223333333334, 0.053197866666666656, 0.061584833333333346, 0.0583245, 0.07572749999999999, 0.04539153333333334, 0.08493969999999999, 0.06279193333333333, 0.07070846666666666, 0.060470366666666664, 0.07782606666666667, 0.06889456666666666, 0.0780364, 0.059854833333333315, 0.08713413333333335, 0.058765666666666674, 0.06530516666666668, 0.04066153333333333, 0.03663413333333334, 0.06702590000000001, 0.05867113333333334, 0.05199973333333334, 0.06105549999999999], [0.05424593333333333, 0.0578271, 0.06437273333333332, 0.05790403333333334, 0.058900333333333325, 0.0669943666666667, 0.06376896666666665, 0.0416239, 0.0597602, 0.07657196666666667, 0.08236333333333333, 0.04395919999999999, 0.060074200000000015, 0.051885733333333336, 0.07616836666666667, 0.08524436666666667, 0.14810243333333334, 0.08943306666666664, 0.13992083333333336, 0.0, 1.3451509333333331, 0.8116374000000002, 0.08629996666666669, 0.08586516666666669, 0.08269456666666666, 0.08124883333333334, 0.06486910000000001, 0.03423103333333334, 0.035004400000000005, 0.06902449999999999, 0.060876833333333324, 0.06608460000000002, 0.03556993333333334, 0.03991719999999999, 0.07435796666666666, 0.0838994, 0.07500503333333332, 0.04407990000000001, 0.032756433333333335, 0.06263996666666667, 0.04660163333333334, 0.056017233333333326, 0.04049706666666667, 0.03903233333333334, 0.04308043333333333, 0.043404133333333324, 0.03810156666666666, 0.05741906666666668, 0.04595510000000001, 0.04459216666666667], [0.040846933333333335, 0.042726233333333336, 0.06539746666666668, 0.04820726666666667, 0.054704366666666664, 0.05925679999999999, 0.05516916666666665, 0.04371656666666668, 0.044710466666666664, 0.07004040000000002, 0.0682873, 0.04497786666666667, 0.05024976666666667, 0.0482424, 0.05610069999999999, 0.06257096666666667, 0.13442516666666668, 0.070186, 0.12798333333333337, 1.3451509333333331, 0.0, 0.9112787999999999, 0.07901353333333333, 0.09093316666666665, 0.08988443333333333, 0.0945841666666667, 0.08155246666666667, 0.04397310000000001, 0.035585066666666665, 0.050573166666666655, 0.04848846666666667, 0.06035833333333333, 0.04204143333333332, 0.0423783, 0.07635333333333331, 0.08165746666666665, 0.07571706666666667, 0.050344066666666666, 0.02784393333333333, 0.057414566666666667, 0.0460294, 0.05856646666666668, 0.04197763333333334, 0.03973600000000001, 0.03202043333333333, 0.027964533333333326, 0.03642106666666666, 0.05659029999999999, 0.04909516666666666, 0.03906433333333333], [0.04055893333333332, 0.045245500000000015, 0.03715773333333334, 0.041652733333333324, 0.050912500000000006, 0.06017026666666666, 0.04504626666666667, 0.049168399999999994, 0.04733336666666667, 0.05031799999999999, 0.053399800000000004, 0.029587366666666667, 0.04395123333333334, 0.055457200000000005, 0.051405833333333345, 0.06554896666666667, 0.13869406666666664, 0.07613486666666666, 0.12914950000000003, 0.8116374000000002, 0.9112787999999999, 0.0, 0.09073286666666668, 0.1017132, 0.09847686666666668, 0.09237686666666668, 0.07694809999999999, 0.03523203333333333, 0.03655423333333333, 0.061355033333333336, 0.058203233333333326, 0.07302880000000002, 0.05327576666666667, 0.06518763333333334, 0.06909703333333334, 0.08409843333333332, 0.07605003333333335, 0.04818716666666666, 0.04270566666666667, 0.05379946666666667, 0.05733929999999998, 0.06557340000000002, 0.038824500000000005, 0.042684, 0.029643200000000005, 0.03976953333333332, 0.026001133333333336, 0.038470333333333336, 0.035301566666666666, 0.03126523333333334], [0.06468230000000001, 0.05928363333333334, 0.05721103333333334, 0.0561256, 0.054283700000000004, 0.06067839999999999, 0.06614413333333333, 0.028484400000000003, 0.06325626666666667, 0.0639818, 0.0736313, 0.0588998, 0.05631753333333333, 0.04736329999999999, 0.08279096666666666, 0.07071243333333335, 0.08205906666666668, 0.05402056666666666, 0.07179693333333334, 0.08629996666666669, 0.07901353333333333, 0.09073286666666668, 0.0, 0.5096344999999999, 0.07036693333333333, 0.08286350000000002, 0.07309793333333332, 0.04497623333333334, 0.03848419999999999, 0.044199666666666665, 0.0329246, 0.054695499999999994, 0.06278826666666668, 0.05908920000000001, 0.0643221, 0.0603117, 0.06351986666666666, 0.06744986666666668, 0.05840933333333333, 0.058926799999999994, 0.06434696666666666, 0.08284613333333332, 0.05212586666666667, 0.03908753333333332, 0.0397764, 0.047249233333333335, 0.026784966666666667, 0.052452566666666665, 0.03704230000000001, 0.0299415], [0.053763366666666666, 0.05095933333333333, 0.053542466666666656, 0.05051106666666667, 0.044989633333333334, 0.03343550000000001, 0.032222366666666676, 0.0474506, 0.04686086666666667, 0.03540809999999999, 0.028419533333333337, 0.03422516666666667, 0.04214273333333334, 0.04309816666666666, 0.056344866666666674, 0.05336999999999999, 0.08062286666666665, 0.05051456666666666, 0.06219646666666667, 0.08586516666666669, 0.09093316666666665, 0.1017132, 0.5096344999999999, 0.0, 0.040241200000000005, 0.040808366666666665, 0.05148540000000001, 0.05477283333333333, 0.04219433333333333, 0.04285839999999999, 0.03669593333333333, 0.05923533333333333, 0.0589814, 0.06345606666666667, 0.059749533333333334, 0.05141319999999999, 0.052634166666666655, 0.05278650000000001, 0.05404436666666666, 0.05624193333333332, 0.05692066666666667, 0.07378759999999998, 0.045672599999999994, 0.040188166666666664, 0.032037133333333336, 0.04360273333333334, 0.017863433333333335, 0.052926166666666656, 0.0360126, 0.022666700000000005], [0.05234426666666666, 0.05290423333333333, 0.05028953333333333, 0.07748943333333333, 0.0427757, 0.04504173333333334, 0.037414366666666664, 0.0463001, 0.05114173333333334, 0.06094143333333333, 0.05890970000000001, 0.03923753333333334, 0.055498766666666664, 0.03889253333333335, 0.04836186666666667, 0.04628236666666667, 0.0476709, 0.07373569999999999, 0.06955426666666668, 0.08269456666666666, 0.08988443333333333, 0.09847686666666668, 0.07036693333333333, 0.040241200000000005, 0.0, 1.1783184333333334, 0.5833074666666666, 0.0669722, 0.07732646666666666, 0.09180756666666669, 0.08354556666666665, 0.11920680000000002, 0.08022296666666666, 0.08625803333333334, 0.06607473333333334, 0.06770713333333334, 0.08039896666666668, 0.04903296666666666, 0.03509493333333333, 0.0566641, 0.03920796666666666, 0.05332473333333332, 0.042516700000000004, 0.038677266666666675, 0.02954663333333333, 0.03437163333333334, 0.044636733333333324, 0.04662823333333334, 0.04435406666666667, 0.039418166666666664], [0.04634626666666667, 0.04315096666666667, 0.04530333333333332, 0.05292863333333333, 0.04722536666666667, 0.0483609, 0.04162116666666667, 0.05843453333333333, 0.0538716, 0.05972306666666665, 0.05803626666666667, 0.04316010000000001, 0.059642799999999996, 0.04880769999999999, 0.053232100000000004, 0.054217933333333315, 0.05512253333333334, 0.07027106666666667, 0.06638710000000002, 0.08124883333333334, 0.0945841666666667, 0.09237686666666668, 0.08286350000000002, 0.040808366666666665, 1.1783184333333334, 0.0, 0.6102662000000001, 0.06871873333333332, 0.08187963333333333, 0.08357753333333334, 0.08628473333333334, 0.12374213333333335, 0.07945163333333335, 0.08854763333333335, 0.057483933333333334, 0.059947900000000005, 0.07624756666666667, 0.0438993, 0.0355856, 0.057044900000000016, 0.0346481, 0.04978703333333333, 0.05634703333333335, 0.052324266666666674, 0.0298701, 0.03747773333333334, 0.03861353333333333, 0.04592393333333333, 0.04809706666666666, 0.03977023333333333], [0.034425800000000006, 0.03456476666666667, 0.038076733333333335, 0.04422023333333333, 0.041841566666666656, 0.04100666666666666, 0.04520576666666666, 0.041542200000000015, 0.0390357, 0.07065333333333332, 0.06373179999999999, 0.050677433333333334, 0.05241840000000001, 0.05280666666666668, 0.06278286666666666, 0.054297666666666675, 0.06033913333333332, 0.07755303333333333, 0.06767490000000002, 0.06486910000000001, 0.08155246666666667, 0.07694809999999999, 0.07309793333333332, 0.05148540000000001, 0.5833074666666666, 0.6102662000000001, 0.0, 0.03650153333333333, 0.14226, 0.2556047666666667, 0.25098420000000005, 0.28905809999999993, 0.16762459999999998, 0.16839349999999997, 0.06233343333333332, 0.06418226666666668, 0.07117183333333334, 0.05017800000000001, 0.04656053333333334, 0.0391009, 0.03016166666666667, 0.05275779999999999, 0.03858693333333332, 0.03688063333333334, 0.044662, 0.04491223333333335, 0.03985693333333334, 0.04598856666666666, 0.0317188, 0.03411213333333333], [0.031752166666666665, 0.030546900000000002, 0.029761833333333338, 0.03099033333333333, 0.047375466666666664, 0.05319016666666668, 0.03871029999999999, 0.029213900000000008, 0.05115963333333332, 0.04096503333333333, 0.05018176666666667, 0.0574423, 0.07369133333333336, 0.03307403333333333, 0.02988296666666667, 0.0347028, 0.029388733333333337, 0.034677733333333335, 0.04062223333333334, 0.03423103333333334, 0.04397310000000001, 0.03523203333333333, 0.04497623333333334, 0.05477283333333333, 0.0669722, 0.06871873333333332, 0.03650153333333333, 0.0, 0.4323528666666666, 0.04088856666666666, 0.039334766666666666, 0.04307343333333334, 0.026698033333333333, 0.0349888, 0.06320920000000001, 0.05970193333333333, 0.06319989999999999, 0.04340613333333334, 0.039173566666666666, 0.03716596666666666, 0.03815929999999999, 0.0268391, 0.03857783333333333, 0.06393846666666667, 0.0590096, 0.047800866666666664, 0.04300073333333333, 0.047873633333333346, 0.048835500000000004, 0.046054933333333326], [0.04296516666666667, 0.035312433333333344, 0.041185833333333324, 0.04146456666666668, 0.05654866666666666, 0.05415236666666667, 0.04018503333333333, 0.04078759999999999, 0.0641465, 0.04328776666666668, 0.041652100000000004, 0.045531966666666666, 0.06497393333333332, 0.048098766666666674, 0.04369536666666666, 0.046918033333333345, 0.045890700000000006, 0.039468233333333345, 0.053197866666666656, 0.035004400000000005, 0.035585066666666665, 0.03655423333333333, 0.03848419999999999, 0.04219433333333333, 0.07732646666666666, 0.08187963333333333, 0.14226, 0.4323528666666666, 0.0, 0.1884842, 0.1887493, 0.19010566666666667, 0.1194287, 0.13320126666666668, 0.04944020000000002, 0.04661196666666667, 0.04401830000000001, 0.04970076666666665, 0.04548713333333334, 0.0350849, 0.02964493333333333, 0.02734056666666667, 0.04568593333333334, 0.054473900000000006, 0.04457093333333334, 0.03024249999999999, 0.027822733333333332, 0.04546783333333334, 0.03611723333333332, 0.03655146666666666], [0.03573033333333333, 0.03652006666666667, 0.03881636666666668, 0.03347163333333334, 0.03705993333333333, 0.03424373333333334, 0.02642593333333334, 0.05471366666666666, 0.04878000000000001, 0.04249316666666666, 0.041511933333333334, 0.046202266666666665, 0.03473403333333334, 0.04996246666666666, 0.04837509999999999, 0.05384136666666666, 0.04127716666666667, 0.05459310000000001, 0.061584833333333346, 0.06902449999999999, 0.050573166666666655, 0.061355033333333336, 0.044199666666666665, 0.04285839999999999, 0.09180756666666669, 0.08357753333333334, 0.2556047666666667, 0.04088856666666666, 0.1884842, 0.0, 1.4638851000000002, 0.8084621000000002, 0.18753229999999999, 0.19734546666666666, 0.057924399999999994, 0.054079166666666664, 0.05315273333333334, 0.06637870000000001, 0.061295899999999987, 0.05400223333333333, 0.058287200000000004, 0.04736966666666667, 0.03829133333333333, 0.048527, 0.04746426666666668, 0.0462195, 0.03461696666666667, 0.04832483333333334, 0.048996599999999994, 0.047453400000000014], [0.031747000000000004, 0.03730713333333333, 0.047938800000000004, 0.05181656666666667, 0.034549233333333325, 0.03642126666666667, 0.0225128, 0.06141553333333333, 0.050896300000000005, 0.040195466666666665, 0.03970786666666666, 0.040980233333333324, 0.0396561, 0.05148676666666665, 0.0427287, 0.04628963333333334, 0.03652670000000001, 0.0477454, 0.0583245, 0.060876833333333324, 0.04848846666666667, 0.058203233333333326, 0.0329246, 0.03669593333333333, 0.08354556666666665, 0.08628473333333334, 0.25098420000000005, 0.039334766666666666, 0.1887493, 1.4638851000000002, 0.0, 0.8529992333333335, 0.1879464, 0.1995877, 0.05188883333333333, 0.048990133333333324, 0.0502304, 0.06764263333333333, 0.0538283, 0.04528753333333333, 0.052023433333333334, 0.03650706666666667, 0.04933339999999999, 0.05324636666666666, 0.03751146666666667, 0.0317895, 0.0285168, 0.046705166666666666, 0.048119499999999996, 0.041943400000000006], [0.045246966666666666, 0.04930056666666668, 0.025175599999999996, 0.03681313333333334, 0.04917516666666667, 0.058040066666666654, 0.031803733333333334, 0.066251, 0.06777846666666665, 0.06153220000000001, 0.06592793333333333, 0.03822176666666667, 0.051860566666666684, 0.05996023333333334, 0.05493946666666666, 0.049259833333333336, 0.047732100000000006, 0.04723929999999999, 0.07572749999999999, 0.06608460000000002, 0.06035833333333333, 0.07302880000000002, 0.054695499999999994, 0.05923533333333333, 0.11920680000000002, 0.12374213333333335, 0.28905809999999993, 0.04307343333333334, 0.19010566666666667, 0.8084621000000002, 0.8529992333333335, 0.0, 0.22079519999999994, 0.3051296, 0.33351013333333335, 0.3270655333333334, 0.2964396333333333, 0.15560586666666665, 0.14539883333333337, 0.06631670000000002, 0.05720480000000001, 0.07493533333333333, 0.03661293333333332, 0.03945993333333332, 0.026381866666666663, 0.03645576666666667, 0.02414866666666667, 0.05837906666666666, 0.03876129999999999, 0.022988900000000007], [0.055044, 0.05333606666666666, 0.04682536666666667, 0.06002236666666666, 0.03960923333333333, 0.038271000000000006, 0.04412700000000001, 0.0450427, 0.06745276666666666, 0.050897500000000005, 0.04480833333333333, 0.038474799999999997, 0.055990266666666656, 0.05718150000000001, 0.056047166666666655, 0.055336233333333346, 0.04901110000000001, 0.0369498, 0.04539153333333334, 0.03556993333333334, 0.04204143333333332, 0.05327576666666667, 0.06278826666666668, 0.0589814, 0.08022296666666666, 0.07945163333333335, 0.16762459999999998, 0.026698033333333333, 0.1194287, 0.18753229999999999, 0.1879464, 0.22079519999999994, 0.0, 0.6597252000000002, 0.0974504, 0.09865533333333332, 0.10126706666666664, 0.07417183333333334, 0.08345553333333332, 0.07209526666666666, 0.06303003333333333, 0.06678160000000001, 0.040704466666666675, 0.028099066666666665, 0.0392588, 0.028974599999999996, 0.031497700000000003, 0.06394646666666666, 0.037611466666666656, 0.0358834], [0.056082, 0.05949773333333333, 0.04826093333333333, 0.06293963333333333, 0.04453376666666667, 0.04482476666666666, 0.04267203333333334, 0.05449366666666666, 0.09103589999999999, 0.06962546666666666, 0.06242583333333333, 0.04697103333333333, 0.07091623333333333, 0.07848566666666666, 0.0760532, 0.06588443333333334, 0.056018866666666674, 0.07487726666666669, 0.08493969999999999, 0.03991719999999999, 0.0423783, 0.06518763333333334, 0.05908920000000001, 0.06345606666666667, 0.08625803333333334, 0.08854763333333335, 0.16839349999999997, 0.0349888, 0.13320126666666668, 0.19734546666666666, 0.1995877, 0.3051296, 0.6597252000000002, 0.0, 0.20729610000000004, 0.21971776666666662, 0.21747243333333333, 0.13117936666666669, 0.13251933333333335, 0.07727223333333334, 0.06759686666666667, 0.07930206666666668, 0.04059323333333333, 0.04267523333333334, 0.04996466666666665, 0.027354199999999995, 0.03759536666666667, 0.06400313333333332, 0.04081046666666667, 0.0408464], [0.02907043333333334, 0.02930056666666667, 0.030419033333333328, 0.03294623333333334, 0.05923779999999999, 0.053823733333333346, 0.04263033333333333, 0.0490257, 0.05440623333333333, 0.04359186666666667, 0.04829409999999999, 0.027688999999999995, 0.04052956666666667, 0.03304496666666667, 0.050523099999999994, 0.045223066666666666, 0.0307766, 0.051637199999999994, 0.06279193333333333, 0.07435796666666666, 0.07635333333333331, 0.06909703333333334, 0.0643221, 0.059749533333333334, 0.06607473333333334, 0.057483933333333334, 0.06233343333333332, 0.06320920000000001, 0.04944020000000002, 0.057924399999999994, 0.05188883333333333, 0.33351013333333335, 0.0974504, 0.20729610000000004, 0.0, 1.7363876, 1.2239412333333333, 0.21553663333333334, 0.19262379999999998, 0.08362636666666667, 0.07106896666666666, 0.06929446666666665, 0.056717033333333354, 0.048563133333333335, 0.046357333333333334, 0.05319356666666667, 0.037610733333333334, 0.059741233333333345, 0.034645666666666665, 0.04535123333333333], [0.0393521, 0.03755346666666667, 0.037680766666666664, 0.036520000000000004, 0.06928653333333336, 0.07787363333333333, 0.04321166666666665, 0.048197199999999996, 0.07583493333333335, 0.058160833333333335, 0.06384116666666667, 0.03606246666666667, 0.04061186666666667, 0.03327236666666666, 0.05873166666666667, 0.06843243333333333, 0.05036526666666668, 0.05084866666666668, 0.07070846666666666, 0.0838994, 0.08165746666666665, 0.08409843333333332, 0.0603117, 0.05141319999999999, 0.06770713333333334, 0.059947900000000005, 0.06418226666666668, 0.05970193333333333, 0.04661196666666667, 0.054079166666666664, 0.048990133333333324, 0.3270655333333334, 0.09865533333333332, 0.21971776666666662, 1.7363876, 0.0, 1.2947269333333336, 0.23884079999999994, 0.20071226666666664, 0.09792310000000001, 0.08387623333333333, 0.08123143333333331, 0.05015373333333335, 0.04495093333333335, 0.041479999999999996, 0.048836300000000006, 0.037459700000000005, 0.04291996666666666, 0.027812966666666664, 0.04909553333333333], [0.031026, 0.0339821, 0.037201733333333334, 0.037913800000000004, 0.0585324, 0.04482889999999999, 0.03480496666666666, 0.04750783333333334, 0.05129976666666668, 0.05017573333333333, 0.049292533333333326, 0.033037199999999996, 0.03843326666666667, 0.043993700000000004, 0.0708799, 0.04690713333333334, 0.05153639999999999, 0.04536146666666667, 0.060470366666666664, 0.07500503333333332, 0.07571706666666667, 0.07605003333333335, 0.06351986666666666, 0.052634166666666655, 0.08039896666666668, 0.07624756666666667, 0.07117183333333334, 0.06319989999999999, 0.04401830000000001, 0.05315273333333334, 0.0502304, 0.2964396333333333, 0.10126706666666664, 0.21747243333333333, 1.2239412333333333, 1.2947269333333336, 0.0, 0.20550263333333335, 0.24945000000000006, 0.22959783333333336, 0.2020754333333333, 0.2098670666666667, 0.13059596666666667, 0.11574759999999995, 0.044142900000000006, 0.05041013333333334, 0.035961733333333336, 0.04070170000000002, 0.03309793333333333, 0.040740433333333326], [0.0534104, 0.05184846666666666, 0.05930026666666666, 0.043936666666666666, 0.04705353333333333, 0.05039073333333334, 0.04595513333333332, 0.04263366666666667, 0.0579965, 0.05326383333333332, 0.060312633333333344, 0.05446026666666667, 0.04284549999999999, 0.03371626666666667, 0.045500299999999994, 0.0441853, 0.047389566666666674, 0.05677126666666664, 0.07782606666666667, 0.04407990000000001, 0.050344066666666666, 0.04818716666666666, 0.06744986666666668, 0.05278650000000001, 0.04903296666666666, 0.0438993, 0.05017800000000001, 0.04340613333333334, 0.04970076666666665, 0.06637870000000001, 0.06764263333333333, 0.15560586666666665, 0.07417183333333334, 0.13117936666666669, 0.21553663333333334, 0.23884079999999994, 0.20550263333333335, 0.0, 0.5970145333333332, 0.08997996666666665, 0.08262919999999997, 0.070756, 0.03161156666666667, 0.04027030000000001, 0.04248076666666666, 0.0284954, 0.034123066666666674, 0.042795333333333324, 0.035639366666666665, 0.047141466666666666], [0.048743533333333325, 0.05752543333333333, 0.045069600000000015, 0.032514299999999996, 0.05297576666666665, 0.052900466666666666, 0.051313199999999996, 0.04094486666666668, 0.05042236666666667, 0.04213616666666667, 0.05150866666666667, 0.0495718, 0.0401126, 0.05373690000000001, 0.05327823333333333, 0.0518176, 0.0473485, 0.04049736666666666, 0.06889456666666666, 0.032756433333333335, 0.02784393333333333, 0.04270566666666667, 0.05840933333333333, 0.05404436666666666, 0.03509493333333333, 0.0355856, 0.04656053333333334, 0.039173566666666666, 0.04548713333333334, 0.061295899999999987, 0.0538283, 0.14539883333333337, 0.08345553333333332, 0.13251933333333335, 0.19262379999999998, 0.20071226666666664, 0.24945000000000006, 0.5970145333333332, 0.0, 0.15198383333333332, 0.14221313333333335, 0.14957346666666665, 0.11407326666666667, 0.11056803333333332, 0.03402776666666667, 0.03255179999999999, 0.0303961, 0.023591266666666673, 0.02961876666666666, 0.032843533333333334], [0.05396446666666666, 0.058716533333333334, 0.05377479999999999, 0.06398573333333334, 0.061182699999999986, 0.07202016666666668, 0.04984449999999999, 0.06117603333333334, 0.0507767, 0.04280520000000001, 0.04145220000000001, 0.03252636666666667, 0.04646596666666666, 0.060304600000000014, 0.08628236666666665, 0.07634449999999998, 0.06483233333333335, 0.06447853333333331, 0.0780364, 0.06263996666666667, 0.057414566666666667, 0.05379946666666667, 0.058926799999999994, 0.05624193333333332, 0.0566641, 0.057044900000000016, 0.0391009, 0.03716596666666666, 0.0350849, 0.05400223333333333, 0.04528753333333333, 0.06631670000000002, 0.07209526666666666, 0.07727223333333334, 0.08362636666666667, 0.09792310000000001, 0.22959783333333336, 0.08997996666666665, 0.15198383333333332, 0.0, 1.3568730666666666, 0.8299702999999997, 0.18398543333333328, 0.1875884, 0.045310100000000006, 0.04426426666666667, 0.0438623, 0.036946, 0.0351639, 0.050516], [0.05371506666666667, 0.0585857, 0.04466406666666667, 0.05638956666666668, 0.0431523, 0.05615036666666666, 0.04806863333333333, 0.0639868, 0.05895246666666666, 0.036241833333333334, 0.03924253333333333, 0.04174050000000001, 0.04267130000000001, 0.0627311, 0.0856077, 0.07380276666666667, 0.0541433, 0.04541739999999998, 0.059854833333333315, 0.04660163333333334, 0.0460294, 0.05733929999999998, 0.06434696666666666, 0.05692066666666667, 0.03920796666666666, 0.0346481, 0.03016166666666667, 0.03815929999999999, 0.02964493333333333, 0.058287200000000004, 0.052023433333333334, 0.05720480000000001, 0.06303003333333333, 0.06