[[0.0, 1.6995214333333335, 0.21809593333333335, 0.2017120666666667, 0.1928238, 0.054755466666666655, 0.04365246666666667, 0.04868410000000001, 0.042074033333333344, 0.050330966666666664, 0.03731483333333333, 0.037659633333333324, 0.043755, 0.04294436666666667, 0.0285656, 0.04359526666666666, 0.039721166666666675, 0.03622383333333334, 0.035758299999999986, 0.04364393333333333, 0.03897233333333333, 0.0513512, 0.04234486666666667, 0.03665163333333334, 0.04226423333333334, 0.04963933333333334, 0.045973066666666666, 0.02868126666666666, 0.036067066666666654, 0.04359353333333333, 0.03752779999999999, 0.03917226666666667, 0.052284866666666666, 0.05662433333333334, 0.04838583333333333, 0.03181146666666666, 0.03063063333333333, 0.044971333333333335, 0.040364433333333345, 0.02426459999999999, 0.04179136666666668, 0.033075400000000005, 0.031051433333333336, 0.03914403333333333, 0.025558600000000004, 0.04849283333333333, 0.04469533333333333, 0.035757033333333334, 0.019658899999999997, 0.03643576666666667], [1.6995214333333335, 0.0, 0.1952039666666666, 0.2386102666666667, 0.3365994666666666, 0.0624587, 0.04686966666666667, 0.06011663333333332, 0.04093716666666667, 0.051600933333333335, 0.04043316666666667, 0.04136216666666667, 0.0477104, 0.03534983333333333, 0.028200766666666665, 0.035121166666666655, 0.03553716666666667, 0.033391300000000006, 0.034880866666666656, 0.04398893333333333, 0.03482400000000001, 0.050644533333333346, 0.04201866666666666, 0.03355829999999999, 0.046102899999999995, 0.04708623333333333, 0.043404633333333324, 0.02787506666666667, 0.03505983333333334, 0.05343343333333332, 0.03910809999999999, 0.03643696666666667, 0.051140299999999986, 0.05536959999999998, 0.0453363, 0.03818206666666667, 0.036644766666666655, 0.03949516666666666, 0.043823933333333336, 0.022575599999999998, 0.0334426, 0.03550006666666666, 0.03939723333333334, 0.04229790000000001, 0.027337233333333343, 0.045869599999999996, 0.04323799999999999, 0.030717466666666658, 0.021184699999999997, 0.032419800000000006], [0.21809593333333335, 0.1952039666666666, 0.0, 0.4462305, 0.18562816666666665, 0.04394763333333335, 0.03870370000000001, 0.04918236666666668, 0.03571523333333333, 0.035525133333333334, 0.0321755, 0.03565896666666667, 0.04571603333333332, 0.03258083333333334, 0.0416062, 0.030637333333333336, 0.03211423333333333, 0.03558319999999999, 0.03437146666666666, 0.04753756666666668, 0.04996386666666666, 0.049008600000000006, 0.02972186666666667, 0.033792199999999994, 0.043939533333333336, 0.0433627, 0.04050653333333334, 0.027943033333333332, 0.0316918, 0.05391476666666667, 0.04277083333333334, 0.04689573333333332, 0.049780000000000005, 0.03731353333333333, 0.05296763333333333, 0.044183366666666654, 0.04399553333333332, 0.03331426666666667, 0.048198700000000004, 0.038901899999999996, 0.04623766666666666, 0.04883516666666668, 0.037202900000000004, 0.061046466666666646, 0.04690013333333334, 0.0287063, 0.03764666666666667, 0.03094760000000001, 0.037342333333333325, 0.046643333333333335], [0.2017120666666667, 0.2386102666666667, 0.4462305, 0.0, 0.2167297333333333, 0.03390033333333334, 0.030950133333333334, 0.04006376666666667, 0.03175243333333334, 0.03283063333333334, 0.03803659999999999, 0.03842793333333333, 0.04402093333333334, 0.03860206666666666, 0.03759673333333334, 0.03503960000000001, 0.036782300000000004, 0.03724463333333334, 0.036501300000000014, 0.040920733333333334, 0.042330566666666666, 0.04512726666666666, 0.03774626666666666, 0.044744833333333345, 0.06020799999999999, 0.035346233333333324, 0.0360442, 0.04345023333333333, 0.03543933333333332, 0.05548386666666666, 0.04458493333333333, 0.045523366666666676, 0.0612456, 0.04777846666666668, 0.04400373333333333, 0.0425742, 0.04420206666666666, 0.037695966666666664, 0.038437233333333334, 0.033392666666666675, 0.03678523333333333, 0.03694700000000001, 0.03891059999999999, 0.0550857, 0.03467273333333332, 0.03702473333333334, 0.03926123333333333, 0.029709999999999997, 0.02593153333333333, 0.0486601], [0.1928238, 0.3365994666666666, 0.18562816666666665, 0.2167297333333333, 0.0, 0.05544416666666666, 0.04409950000000001, 0.05062466666666667, 0.0416583, 0.03855606666666669, 0.05330050000000001, 0.05035316666666667, 0.04044649999999999, 0.030383066666666673, 0.03320936666666667, 0.037638666666666674, 0.03656556666666666, 0.02479600000000001, 0.030526866666666666, 0.03809803333333333, 0.023234999999999995, 0.029353433333333328, 0.03452503333333333, 0.01987643333333333, 0.028338833333333327, 0.04547566666666664, 0.04817113333333333, 0.048071199999999994, 0.05288010000000001, 0.05820830000000001, 0.030060233333333332, 0.032959433333333336, 0.04790056666666667, 0.04077689999999999, 0.039336366666666664, 0.04426309999999999, 0.04524273333333333, 0.03268533333333334, 0.042426000000000005, 0.05009313333333331, 0.04586713333333333, 0.04656283333333332, 0.0335925, 0.04237196666666666, 0.025924900000000004, 0.0447618, 0.043038266666666665, 0.03254646666666666, 0.021629199999999998, 0.034653100000000006], [0.054755466666666655, 0.0624587, 0.04394763333333335, 0.03390033333333334, 0.05544416666666666, 0.0, 1.4672131, 0.21427093333333339, 0.15793200000000002, 0.31554540000000003, 0.04829716666666666, 0.04459586666666667, 0.05235573333333333, 0.0404957, 0.030368933333333334, 0.04278336666666667, 0.0450836, 0.030507566666666666, 0.02297976666666666, 0.06070483333333333, 0.061521566666666666, 0.0706319, 0.047756933333333335, 0.060154766666666665, 0.019131933333333333, 0.03469130000000001, 0.04189406666666666, 0.043746, 0.042943466666666666, 0.04441496666666667, 0.039866799999999994, 0.0434117, 0.04712196666666667, 0.04223006666666668, 0.045322133333333334, 0.03556696666666666, 0.03182326666666667, 0.03462216666666667, 0.0311324, 0.038562799999999994, 0.038476866666666665, 0.034563100000000006, 0.04073113333333333, 0.03348236666666668, 0.046401166666666674, 0.043394900000000014, 0.04025646666666667, 0.043899200000000006, 0.04404753333333332, 0.038751633333333334], [0.04365246666666667, 0.04686966666666667, 0.03870370000000001, 0.030950133333333334, 0.04409950000000001, 1.4672131, 0.0, 0.17296646666666665, 0.14347616666666668, 0.36302903333333336, 0.04029893333333334, 0.0427842, 0.06447586666666667, 0.04213716666666666, 0.03710263333333334, 0.038673, 0.04420836666666668, 0.035660666666666674, 0.02548980000000001, 0.06160976666666666, 0.05764603333333333, 0.0637234, 0.047121066666666656, 0.059016666666666676, 0.020452466666666665, 0.04513853333333333, 0.05292393333333333, 0.0376056, 0.03427213333333332, 0.04205479999999999, 0.0365614, 0.032819, 0.046860200000000005, 0.036366300000000004, 0.043656566666666674, 0.04158383333333334, 0.03674453333333332, 0.03390883333333333, 0.03305366666666667, 0.03787983333333334, 0.0418079, 0.0399534, 0.0356914, 0.028364466666666664, 0.03804743333333334, 0.0389756, 0.034462066666666666, 0.03269126666666667, 0.03620163333333334, 0.044387499999999996], [0.04868410000000001, 0.06011663333333332, 0.04918236666666668, 0.04006376666666667, 0.05062466666666667, 0.21427093333333339, 0.17296646666666665, 0.0, 0.32959036666666663, 0.28915976666666676, 0.0336809, 0.030209899999999998, 0.03591893333333333, 0.045818366666666666, 0.028585766666666672, 0.042777700000000016, 0.03947289999999999, 0.026806266666666665, 0.03939379999999999, 0.06405693333333334, 0.025040499999999997, 0.026128300000000004, 0.0401223, 0.03940283333333334, 0.033463799999999995, 0.03241733333333333, 0.026574699999999996, 0.03224086666666666, 0.023348966666666665, 0.02750729999999999, 0.042854300000000005, 0.04663066666666667, 0.05009609999999999, 0.05038793333333333, 0.043089333333333334, 0.03779063333333332, 0.02890836666666667, 0.03791450000000001, 0.043803133333333334, 0.027594000000000004, 0.05759723333333333, 0.043242399999999986, 0.039016800000000004, 0.046254166666666666, 0.02722586666666666, 0.04375246666666667, 0.034493, 0.0391318, 0.0416749, 0.03553516666666666], [0.042074033333333344, 0.04093716666666667, 0.03571523333333333, 0.03175243333333334, 0.0416583, 0.15793200000000002, 0.14347616666666668, 0.32959036666666663, 0.0, 0.2582734666666666, 0.049682766666666656, 0.05120596666666667, 0.04478129999999999, 0.04235963333333333, 0.04480649999999999, 0.0541137, 0.05752483333333334, 0.030866933333333336, 0.025567966666666667, 0.0386486, 0.036696599999999996, 0.039009333333333326, 0.023548833333333335, 0.04136053333333333, 0.03718076666666666, 0.03106643333333333, 0.028662933333333338, 0.032359599999999995, 0.031679533333333336, 0.046029066666666674, 0.033237233333333345, 0.035472, 0.03199200000000001, 0.026890533333333334, 0.0212743, 0.03670206666666668, 0.03421356666666665, 0.04872583333333335, 0.04479703333333333, 0.04046683333333334, 0.04015910000000001, 0.03898473333333333, 0.03654576666666667, 0.0441358, 0.044587699999999994, 0.03192766666666667, 0.027336900000000004, 0.035149599999999996, 0.040800699999999995, 0.033423133333333334], [0.050330966666666664, 0.051600933333333335, 0.035525133333333334, 0.03283063333333334, 0.03855606666666669, 0.31554540000000003, 0.36302903333333336, 0.28915976666666676, 0.2582734666666666, 0.0, 0.04428223333333333, 0.04207226666666666, 0.0454019, 0.0445191, 0.051874900000000015, 0.03371443333333334, 0.04485673333333334, 0.03125206666666668, 0.027594166666666666, 0.050853133333333335, 0.03487786666666667, 0.03949896666666666, 0.042240666666666656, 0.0427541, 0.050402633333333335, 0.030483633333333326, 0.029151333333333335, 0.03937653333333334, 0.026936399999999996, 0.02680883333333333, 0.03455583333333332, 0.03015473333333333, 0.05430003333333332, 0.0411043, 0.043286766666666664, 0.040302500000000005, 0.04146796666666667, 0.04658316666666667, 0.05001496666666669, 0.03396416666666668, 0.039408533333333336, 0.031013366666666667, 0.03161646666666667, 0.04725650000000001, 0.04381316666666667, 0.03583043333333334, 0.0301168, 0.04298773333333332, 0.027567999999999995, 0.024890233333333334], [0.03731483333333333, 0.04043316666666667, 0.0321755, 0.03803659999999999, 0.05330050000000001, 0.04829716666666666, 0.04029893333333334, 0.0336809, 0.049682766666666656, 0.04428223333333333, 0.0, 1.5869867333333334, 0.22958273333333334, 0.12296796666666665, 0.2846503, 0.04030626666666668, 0.03936476666666667, 0.03166696666666667, 0.030219633333333343, 0.06633873333333333, 0.0448908, 0.043734766666666675, 0.0477251, 0.030812333333333337, 0.041310366666666674, 0.0344258, 0.04380846666666667, 0.04641433333333334, 0.04514623333333334, 0.03912056666666666, 0.02733376666666667, 0.038202233333333335, 0.029908466666666668, 0.019214799999999997, 0.029160566666666658, 0.02073936666666667, 0.023796266666666666, 0.030416233333333334, 0.035535333333333335, 0.04546846666666667, 0.04642679999999999, 0.04710393333333333, 0.06692706666666666, 0.05015743333333332, 0.02888226666666667, 0.03253536666666667, 0.03839156666666666, 0.03512103333333333, 0.031845000000000005, 0.041049933333333344], [0.037659633333333324, 0.04136216666666667, 0.03565896666666667, 0.03842793333333333, 0.05035316666666667, 0.04459586666666667, 0.0427842, 0.030209899999999998, 0.05120596666666667, 0.04207226666666666, 1.5869867333333334, 0.0, 0.2577771, 0.10375959999999998, 0.31894970000000006, 0.05339383333333333, 0.05002303333333332, 0.03126796666666667, 0.03448760000000001, 0.06805366666666667, 0.04206446666666667, 0.039422200000000004, 0.04164546666666666, 0.028858766666666667, 0.030021100000000002, 0.023597900000000005, 0.03239823333333334, 0.0416355, 0.0399645, 0.036930599999999994, 0.026347466666666666, 0.03697123333333332, 0.04468080000000001, 0.026750566666666666, 0.027917400000000002, 0.02774756666666667, 0.029393766666666668, 0.029697633333333334, 0.03570543333333333, 0.04383266666666666, 0.04871946666666667, 0.048200733333333336, 0.06958220000000001, 0.05131543333333335, 0.0292372, 0.03951583333333333, 0.03427273333333334, 0.03840793333333334, 0.030319699999999995, 0.047569066666666666], [0.043755, 0.0477104, 0.04571603333333332, 0.04402093333333334, 0.04044649999999999, 0.05235573333333333, 0.06447586666666667, 0.03591893333333333, 0.04478129999999999, 0.0454019, 0.22958273333333334, 0.2577771, 0.0, 0.3393637666666667, 0.39183500000000004, 0.0308528, 0.03486043333333333, 0.038227866666666666, 0.02810413333333333, 0.0362831, 0.051167366666666665, 0.05721993333333334, 0.04480986666666666, 0.055591366666666676, 0.0277177, 0.04634423333333334, 0.05705659999999999, 0.04818193333333333, 0.05483333333333334, 0.06319103333333334, 0.037261133333333335, 0.037024933333333336, 0.0351574, 0.04085253333333333, 0.03693656666666666, 0.026081666666666656, 0.02947763333333333, 0.04877956666666665, 0.037593600000000005, 0.0400749, 0.04334056666666667, 0.048959333333333334, 0.032686833333333325, 0.021931899999999997, 0.047313566666666654, 0.039131233333333335, 0.03740026666666667, 0.03285713333333334, 0.02259346666666667, 0.04483346666666666], [0.04294436666666667, 0.03534983333333333, 0.03258083333333334, 0.03860206666666666, 0.030383066666666673, 0.0404957, 0.04213716666666666, 0.045818366666666666, 0.04235963333333333, 0.0445191, 0.12296796666666665, 0.10375959999999998, 0.3393637666666667, 0.0, 0.09851413333333331, 0.053434333333333334, 0.05400630000000001, 0.04008096666666666, 0.042614766666666665, 0.0282234, 0.044539600000000006, 0.040917333333333326, 0.03643483333333333, 0.0359664, 0.03690746666666667, 0.02902623333333333, 0.0406609, 0.04730733333333334, 0.06292493333333332, 0.05680343333333334, 0.04589956666666666, 0.035874699999999995, 0.035256166666666665, 0.0394928, 0.02653093333333333, 0.04129756666666665, 0.046026000000000004, 0.024534099999999993, 0.019458800000000002, 0.03651306666666666, 0.0483235, 0.05482236666666668, 0.032260300000000006, 0.028679499999999993, 0.039842133333333335, 0.03154736666666666, 0.03939383333333334, 0.04197053333333333, 0.0241963, 0.043704700000000006], [0.0285656, 0.028200766666666665, 0.0416062, 0.03759673333333334, 0.03320936666666667, 0.030368933333333334, 0.03710263333333334, 0.028585766666666672, 0.04480649999999999, 0.051874900000000015, 0.2846503, 0.31894970000000006, 0.39183500000000004, 0.09851413333333331, 0.0, 0.04496716666666666, 0.05444606666666666, 0.04159350000000002, 0.03688456666666667, 0.047453633333333335, 0.025843933333333336, 0.024961633333333344, 0.03211049999999999, 0.033725666666666675, 0.023878633333333336, 0.04124890000000001, 0.0447287, 0.04365723333333333, 0.038301933333333336, 0.06104203333333334, 0.028253433333333335, 0.03390526666666668, 0.03028043333333334, 0.021307200000000002, 0.0385593, 0.024302199999999996, 0.028156533333333334, 0.043511633333333334, 0.029381166666666663, 0.0471961, 0.029351633333333328, 0.023260533333333333, 0.035840433333333345, 0.03085193333333334, 0.03261683333333333, 0.023250000000000003, 0.029004166666666657, 0.03087006666666667, 0.0271837, 0.060399733333333344], [0.04359526666666666, 0.035121166666666655, 0.030637333333333336, 0.03503960000000001, 0.037638666666666674, 0.04278336666666667, 0.038673, 0.042777700000000016, 0.0541137, 0.03371443333333334, 0.04030626666666668, 0.05339383333333333, 0.0308528, 0.053434333333333334, 0.04496716666666666, 0.0, 1.6336783333333336, 0.18758999999999998, 0.19935803333333332, 0.09546980000000001, 0.03826436666666666, 0.028952966666666663, 0.03301193333333333, 0.02338426666666666, 0.04544756666666667, 0.041964400000000006, 0.03739246666666668, 0.043672666666666665, 0.04072396666666667, 0.05526813333333333, 0.03727356666666667, 0.03377203333333334, 0.05462406666666666, 0.051423866666666665, 0.019869, 0.04716096666666667, 0.05764543333333333, 0.039340766666666666, 0.049408933333333335, 0.062474500000000016, 0.0485178, 0.04709203333333334, 0.0293147, 0.023002866666666667, 0.028304399999999997, 0.053165500000000004, 0.05098356666666666, 0.02200043333333333, 0.045057833333333325, 0.04182380000000001], [0.039721166666666675, 0.03553716666666667, 0.03211423333333333, 0.036782300000000004, 0.03656556666666666, 0.0450836, 0.04420836666666668, 0.03947289999999999, 0.05752483333333334, 0.04485673333333334, 0.03936476666666667, 0.05002303333333332, 0.03486043333333333, 0.05400630000000001, 0.05444606666666666, 1.6336783333333336, 0.0, 0.1702593, 0.19179899999999994, 0.10231686666666667, 0.048302866666666666, 0.03560443333333333, 0.030794466666666666, 0.025730966666666667, 0.054959499999999994, 0.04947713333333335, 0.04414376666666666, 0.052624033333333334, 0.04509350000000001, 0.0591065, 0.037587800000000005, 0.0368515, 0.05325273333333333, 0.039789333333333336, 0.023980533333333342, 0.0488694, 0.06374396666666668, 0.04393160000000001, 0.0490053, 0.0608529, 0.04682059999999999, 0.0439453, 0.030216299999999998, 0.020169566666666666, 0.032343866666666665, 0.045399366666666656, 0.0522346, 0.0235956, 0.05499013333333334, 0.04086296666666666], [0.03622383333333334, 0.033391300000000006, 0.03558319999999999, 0.03724463333333334, 0.02479600000000001, 0.030507566666666666, 0.035660666666666674, 0.026806266666666665, 0.030866933333333336, 0.03125206666666668, 0.03166696666666667, 0.03126796666666667, 0.038227866666666666, 0.04008096666666666, 0.04159350000000002, 0.18758999999999998, 0.1702593, 0.0, 0.49442286666666657, 0.13557340000000004, 0.045297533333333334, 0.047983000000000005, 0.036086366666666675, 0.0332681, 0.02646656666666667, 0.027544766666666668, 0.024713700000000005, 0.038590233333333335, 0.02668736666666667, 0.036288766666666666, 0.031240233333333336, 0.03493976666666667, 0.030546733333333333, 0.028908466666666664, 0.018820499999999997, 0.03560346666666667, 0.0320473, 0.0401471, 0.04292213333333333, 0.04122703333333333, 0.03462356666666667, 0.039208166666666655, 0.0308892, 0.035043200000000004, 0.05495993333333333, 0.03495943333333334, 0.03749736666666667, 0.03288556666666667, 0.04262246666666667, 0.041704399999999996], [0.035758299999999986, 0.034880866666666656, 0.03437146666666666, 0.036501300000000014, 0.030526866666666666, 0.02297976666666666, 0.02548980000000001, 0.03939379999999999, 0.025567966666666667, 0.027594166666666666, 0.030219633333333343, 0.03448760000000001, 0.02810413333333333, 0.042614766666666665, 0.03688456666666667, 0.19935803333333332, 0.19179899999999994, 0.49442286666666657, 0.0, 0.12509033333333333, 0.035114133333333325, 0.04464919999999999, 0.04252466666666667, 0.04456090000000001, 0.04944453333333333, 0.024884933333333335, 0.028969766666666667, 0.055850399999999994, 0.03761946666666667, 0.03732153333333334, 0.048237966666666666, 0.04737639999999999, 0.026689900000000006, 0.033448366666666667, 0.028882933333333336, 0.040141066666666676, 0.041136799999999994, 0.04759300000000001, 0.056234166666666655, 0.05087166666666667, 0.05284106666666667, 0.037258366666666674, 0.04100556666666667, 0.0284313, 0.04329506666666667, 0.040263833333333325, 0.04027876666666665, 0.02739676666666667, 0.05093383333333333, 0.04130733333333333], [0.04364393333333333, 0.04398893333333333, 0.04753756666666668, 0.040920733333333334, 0.03809803333333333, 0.06070483333333333, 0.06160976666666666, 0.06405693333333334, 0.0386486, 0.050853133333333335, 0.06633873333333333, 0.06805366666666667, 0.0362831, 0.0282234, 0.047453633333333335, 0.09546980000000001, 0.10231686666666667, 0.13557340000000004, 0.12509033333333333, 0.0, 0.04794073333333333, 0.05189189999999999, 0.038923533333333336, 0.04090986666666666, 0.06275866666666666, 0.043995033333333336, 0.0413635, 0.039702633333333334, 0.03757256666666666, 0.04996066666666666, 0.039799033333333324, 0.039761933333333346, 0.03017556666666667, 0.0462751, 0.04087059999999999, 0.048360333333333325, 0.03703076666666666, 0.05098573333333334, 0.06491443333333334, 0.04472096666666667, 0.036959, 0.03688353333333333, 0.040288599999999994, 0.03888973333333334, 0.052351833333333334, 0.0573031, 0.06318703333333332, 0.033991466666666664, 0.055730433333333336, 0.03705403333333333], [0.03897233333333333, 0.03482400000000001, 0.04996386666666666, 0.042330566666666666, 0.023234999999999995, 0.061521566666666666, 0.05764603333333333, 0.025040499999999997, 0.036696599999999996, 0.03487786666666667, 0.0448908, 0.04206446666666667, 0.051167366666666665, 0.044539600000000006, 0.025843933333333336, 0.03826436666666666, 0.048302866666666666, 0.045297533333333334, 0.035114133333333325, 0.04794073333333333, 0.0, 1.5912016, 0.26752753333333334, 0.3172714, 0.15296169999999998, 0.044501566666666666, 0.04618579999999998, 0.03941813333333334, 0.05164156666666667, 0.05730936666666667, 0.0500986, 0.044093133333333326, 0.05980473333333334, 0.047753800000000006, 0.038310333333333335, 0.042375833333333335, 0.0422411, 0.0425053, 0.030818300000000003, 0.02653873333333333, 0.03539706666666667, 0.03966086666666667, 0.03321286666666666, 0.0491809, 0.04939276666666665, 0.0255581, 0.027375100000000006, 0.0426979, 0.03368906666666667, 0.03026063333333334], [0.0513512, 0.050644533333333346, 0.049008600000000006, 0.04512726666666666, 0.029353433333333328, 0.0706319, 0.0637234, 0.026128300000000004, 0.039009333333333326, 0.03949896666666666, 0.043734766666666675, 0.039422200000000004, 0.05721993333333334, 0.040917333333333326, 0.024961633333333344, 0.028952966666666663, 0.03560443333333333, 0.047983000000000005, 0.04464919999999999, 0.05189189999999999, 1.5912016, 0.0, 0.25824520000000006, 0.35605443333333336, 0.2645723000000001, 0.04561593333333333, 0.045548133333333324, 0.03607846666666666, 0.048690533333333334, 0.05180963333333332, 0.04765213333333334, 0.044913, 0.06734773333333333, 0.06485143333333333, 0.041777899999999986, 0.04637083333333333, 0.051350866666666654, 0.0449651, 0.04187476666666668, 0.02897016666666667, 0.03916196666666666, 0.040163866666666666, 0.03536846666666667, 0.06163116666666667, 0.04380963333333334, 0.03209953333333334, 0.03531316666666666, 0.04330576666666665, 0.0356646, 0.03385573333333333], [0.04234486666666667, 0.04201866666666666, 0.02972186666666667, 0.03774626666666666, 0.03452503333333333, 0.047756933333333335, 0.047121066666666656, 0.0401223, 0.023548833333333335, 0.042240666666666656, 0.0477251, 0.04164546666666666, 0.04480986666666666, 0.03643483333333333, 0.03211049999999999, 0.03301193333333333, 0.030794466666666666, 0.036086366666666675, 0.04252466666666667, 0.038923533333333336, 0.26752753333333334, 0.25824520000000006, 0.0, 0.5468574666666668, 0.19707190000000002, 0.06961256666666668, 0.0643921, 0.048796333333333324, 0.0355326, 0.04376, 0.04577273333333334, 0.044073866666666676, 0.034249699999999994, 0.038646466666666664, 0.05430940000000001, 0.042785666666666666, 0.04969593333333334, 0.03592306666666666, 0.03409516666666667, 0.0348529, 0.031011599999999997, 0.03279713333333333, 0.0195628, 0.032574, 0.03299326666666667, 0.02420476666666666, 0.033726233333333334, 0.0398941, 0.0331052, 0.03221176666666666], [0.03665163333333334, 0.03355829999999999, 0.033792199999999994, 0.044744833333333345, 0.01987643333333333, 0.060154766666666665, 0.059016666666666676, 0.03940283333333334, 0.04136053333333333, 0.0427541, 0.030812333333333337, 0.028858766666666667, 0.055591366666666676, 0.0359664, 0.033725666666666675, 0.02338426666666666, 0.025730966666666667, 0.0332681, 0.04456090000000001, 0.04090986666666666, 0.3172714, 0.35605443333333336, 0.5468574666666668, 0.0, 0.22762410000000002, 0.03183339999999999, 0.03895146666666667, 0.0289013, 0.042070199999999995, 0.03833036666666667, 0.051188199999999996, 0.0473429, 0.044041666666666666, 0.03590756666666666, 0.06441296666666667, 0.0295345, 0.03589733333333334, 0.04125656666666667, 0.05269599999999999, 0.040388166666666676, 0.04541736666666668, 0.04308623333333333, 0.029887633333333333, 0.05310963333333333, 0.047201700000000006, 0.02083453333333333, 0.0294102, 0.0362679, 0.025864366666666666, 0.0324998], [0.04226423333333334, 0.046102899999999995, 0.043939533333333336, 0.06020799999999999, 0.028338833333333327, 0.019131933333333333, 0.020452466666666665, 0.033463799999999995, 0.03718076666666666, 0.050402633333333335, 0.041310366666666674, 0.030021100000000002, 0.0277177, 0.03690746666666667, 0.023878633333333336, 0.04544756666666667, 0.054959499999999994, 0.02646656666666667, 0.04944453333333333, 0.06275866666666666, 0.15296169999999998, 0.2645723000000001, 0.19707190000000002, 0.22762410000000002, 0.0, 0.05166003333333331, 0.04562123333333334, 0.03541073333333333, 0.0315129, 0.04125666666666668, 0.049511166666666676, 0.045078199999999985, 0.03688533333333334, 0.026571699999999997, 0.0341341, 0.04544073333333333, 0.048084933333333336, 0.03415303333333334, 0.048846500000000015, 0.02991346666666667, 0.022264133333333335, 0.015065866666666667, 0.02808893333333333, 0.0216317, 0.033273733333333326, 0.025367266666666666, 0.03651183333333333, 0.03587900000000001, 0.03372789999999999, 0.02856086666666666], [0.04963933333333334, 0.04708623333333333, 0.0433627, 0.035346233333333324, 0.04547566666666664, 0.03469130000000001, 0.04513853333333333, 0.03241733333333333, 0.03106643333333333, 0.030483633333333326, 0.0344258, 0.023597900000000005, 0.04634423333333334, 0.02902623333333333, 0.04124890000000001, 0.041964400000000006, 0.04947713333333335, 0.027544766666666668, 0.024884933333333335, 0.043995033333333336, 0.044501566666666666, 0.04561593333333333, 0.06961256666666668, 0.03183339999999999, 0.05166003333333331, 0.0, 1.8164762333333333, 0.40961756666666665, 0.33155229999999997, 0.21049820000000002, 0.03799043333333334, 0.029098233333333334, 0.05810086666666666, 0.05245553333333334, 0.03458823333333334, 0.039372533333333334, 0.036158166666666665, 0.030633099999999996, 0.0289123, 0.0362617, 0.04222476666666666, 0.05096583333333332, 0.027301666666666665, 0.04970066666666667, 0.031066, 0.03616926666666667, 0.04582496666666666, 0.030989600000000003, 0.043329200000000005, 0.033223800000000005], [0.045973066666666666, 0.043404633333333324, 0.04050653333333334, 0.0360442, 0.04817113333333333, 0.04189406666666666, 0.05292393333333333, 0.026574699999999996, 0.028662933333333338, 0.029151333333333335, 0.04380846666666667, 0.03239823333333334, 0.05705659999999999, 0.0406609, 0.0447287, 0.03739246666666668, 0.04414376666666666, 0.024713700000000005, 0.028969766666666667, 0.0413635, 0.04618579999999998, 0.045548133333333324, 0.0643921, 0.03895146666666667, 0.04562123333333334, 1.8164762333333333, 0.0, 0.3643520333333333, 0.3785730666666666, 0.347806, 0.03895476666666667, 0.030513500000000002, 0.04901953333333334, 0.0478021, 0.0318854, 0.038875666666666656, 0.03844949999999999, 0.045783833333333336, 0.0468104, 0.038861400000000004, 0.0409997, 0.0504825, 0.02953289999999999, 0.04974223333333333, 0.02798693333333334, 0.0365177, 0.04811573333333332, 0.035236699999999996, 0.038926100000000005, 0.03201149999999999], [0.02868126666666666, 0.02787506666666667, 0.027943033333333332, 0.04345023333333333, 0.048071199999999994, 0.043746, 0.0376056, 0.03224086666666666, 0.032359599999999995, 0.03937653333333334, 0.04641433333333334, 0.0416355, 0.04818193333333333, 0.04730733333333334, 0.04365723333333333, 0.043672666666666665, 0.052624033333333334, 0.038590233333333335, 0.055850399999999994, 0.039702633333333334, 0.03941813333333334, 0.03607846666666666, 0.048796333333333324, 0.0289013, 0.03541073333333333, 0.40961756666666665, 0.3643520333333333, 0.0, 0.6871383999999999, 0.20052389999999998, 0.037428899999999994, 0.037742666666666674, 0.02707720000000001, 0.02487513333333333, 0.04429266666666667, 0.024159399999999998, 0.021743966666666666, 0.02488006666666667, 0.0327312, 0.0346387, 0.053698899999999994, 0.05237376666666668, 0.05343853333333333, 0.04712350000000001, 0.0280642, 0.04576190000000001, 0.0494917, 0.0483449, 0.04795546666666666, 0.047335133333333335], [0.036067066666666654, 0.03505983333333334, 0.0316918, 0.03543933333333332, 0.05288010000000001, 0.042943466666666666, 0.03427213333333332, 0.023348966666666665, 0.031679533333333336, 0.026936399999999996, 0.04514623333333334, 0.0399645, 0.05483333333333334, 0.06292493333333332, 0.038301933333333336, 0.04072396666666667, 0.04509350000000001, 0.02668736666666667, 0.03761946666666667, 0.03757256666666666, 0.05164156666666667, 0.048690533333333334, 0.0355326, 0.042070199999999995, 0.0315129, 0.33155229999999997, 0.3785730666666666, 0.6871383999999999, 0.0, 0.3241095, 0.06042446666666667, 0.05477316666666665, 0.027307066666666664, 0.035615766666666666, 0.054083633333333346, 0.035016366666666666, 0.026139700000000002, 0.03721896666666667, 0.04477753333333333, 0.0302633, 0.04377776666666667, 0.039996133333333336, 0.04256766666666666, 0.041099300000000005, 0.02641853333333333, 0.029475966666666666, 0.038308699999999994, 0.049290466666666664, 0.0382906, 0.03081063333333333], [0.04359353333333333, 0.05343343333333332, 0.05391476666666667, 0.05548386666666666, 0.05820830000000001, 0.04441496666666667, 0.04205479999999999, 0.02750729999999999, 0.046029066666666674, 0.02680883333333333, 0.03912056666666666, 0.036930599999999994, 0.06319103333333334, 0.05680343333333334, 0.06104203333333334, 0.05526813333333333, 0.0591065, 0.036288766666666666, 0.03732153333333334, 0.04996066666666666, 0.05730936666666667, 0.05180963333333332, 0.04376, 0.03833036666666667, 0.04125666666666668, 0.21049820000000002, 0.347806, 0.20052389999999998, 0.3241095, 0.0, 0.06849553333333332, 0.06563379999999999, 0.023010599999999996, 0.030839099999999994, 0.0235582, 0.044083833333333336, 0.04012916666666666, 0.03608953333333333, 0.03675786666666667, 0.043303299999999996, 0.033130999999999994, 0.04254689999999999, 0.042273733333333334, 0.04464053333333333, 0.04000243333333334, 0.02858483333333333, 0.03996716666666667, 0.032317399999999996, 0.031479999999999994, 0.027359433333333336], [0.03752779999999999, 0.03910809999999999, 0.04277083333333334, 0.04458493333333333, 0.030060233333333332, 0.039866799999999994, 0.0365614, 0.042854300000000005, 0.033237233333333345, 0.03455583333333332, 0.02733376666666667, 0.026347466666666666, 0.037261133333333335, 0.04589956666666666, 0.028253433333333335, 0.03727356666666667, 0.037587800000000005, 0.031240233333333336, 0.048237966666666666, 0.039799033333333324, 0.0500986, 0.04765213333333334, 0.04577273333333334, 0.051188199999999996, 0.049511166666666676, 0.03799043333333334, 0.03895476666666667, 0.037428899999999994, 0.06042446666666667, 0.06849553333333332, 0.0, 1.7687181999999997, 0.3700288666666667, 0.34969853333333334, 0.09073066666666667, 0.034650166666666656, 0.04659713333333333, 0.05179933333333334, 0.043170799999999995, 0.05659146666666667, 0.038660599999999996, 0.03680146666666667, 0.04756566666666666, 0.03661930000000001, 0.03230193333333334, 0.046834600000000004, 0.053400899999999994, 0.0359812, 0.04366136666666666, 0.0410687], [0.03917226666666667, 0.03643696666666667, 0.04689573333333332, 0.045523366666666676, 0.032959433333333336, 0.0434117, 0.032819, 0.04663066666666667, 0.035472, 0.03015473333333333, 0.038202233333333335, 0.03697123333333332, 0.037024933333333336, 0.035874699999999995, 0.03390526666666668, 0.03377203333333334, 0.0368515, 0.03493976666666667, 0.04737639999999999, 0.039761933333333346, 0.044093133333333326, 0.044913, 0.044073866666666676, 0.0473429, 0.045078199999999985, 0.029098233333333334, 0.030513500000000002, 0.037742666666666674, 0.05477316666666665, 0.06563379999999999, 1.7687181999999997, 0.0, 0.34458279999999997, 0.3844603999999999, 0.20011686666666673, 0.029744566666666666, 0.037194700000000004, 0.052810499999999996, 0.03898496666666667, 0.05086383333333333, 0.03393273333333334, 0.031870733333333325, 0.04745623333333335, 0.03320763333333333, 0.028445933333333343, 0.048226666666666654, 0.052489866666666676, 0.032503333333333335, 0.0433959, 0.04041269999999999], [0.052284866666666666, 0.051140299999999986, 0.049780000000000005, 0.0612456, 0.04790056666666667, 0.04712196666666667, 0.046860200000000005, 0.05009609999999999, 0.03199200000000001, 0.05430003333333332, 0.029908466666666668, 0.04468080000000001, 0.0351574, 0.035256166666666665, 0.03028043333333334, 0.05462406666666666, 0.05325273333333333, 0.030546733333333333, 0.026689900000000006, 0.03017556666666667, 0.05980473333333334, 0.06734773333333333, 0.034249699999999994, 0.044041666666666666, 0.03688533333333334, 0.05810086666666666, 0.04901953333333334, 0.02707720000000001, 0.027307066666666664, 0.023010599999999996, 0.3700288666666667, 0.34458279999999997, 0.0, 0.8693732666666666, 0.13010233333333335, 0.04779383333333333, 0.045074366666666664, 0.0406356, 0.04561626666666669, 0.03370649999999999, 0.043170966666666664, 0.04168183333333334, 0.029651866666666662, 0.03805493333333333, 0.04124059999999999, 0.0530878, 0.05897556666666668, 0.043776866666666664, 0.046494233333333336, 0.050014066666666655], [0.05662433333333334, 0.05536959999999998, 0.03731353333333333, 0.04777846666666668, 0.04077689999999999, 0.04223006666666668, 0.036366300000000004, 0.05038793333333333, 0.026890533333333334, 0.0411043, 0.019214799999999997, 0.026750566666666666, 0.04085253333333333, 0.0394928, 0.021307200000000002, 0.051423866666666665, 0.039789333333333336, 0.028908466666666664, 0.033448366666666667, 0.0462751, 0.047753800000000006, 0.06485143333333333, 0.038646466666666664, 0.03590756666666666, 0.026571699999999997, 0.05245553333333334, 0.0478021, 0.02487513333333333, 0.035615766666666666, 0.030839099999999994, 0.34969853333333334, 0.3844603999999999, 0.8693732666666666, 0.0, 0.1678137666666667, 0.04368713333333333, 0.045811566666666664, 0.026406433333333333, 0.03359233333333333, 0.03130850000000001, 0.031761833333333336, 0.032074433333333326, 0.03720499999999999, 0.039512699999999984, 0.03465513333333333, 0.036882366666666666, 0.05117883333333333, 0.047125866666666676, 0.05551640000000001, 0.04580086666666667], [0.04838583333333333, 0.0453363, 0.05296763333333333, 0.04400373333333333, 0.039336366666666664, 0.045322133333333334, 0.043656566666666674, 0.043089333333333334, 0.0212743, 0.043286766666666664, 0.029160566666666658, 0.027917400000000002, 0.03693656666666666, 0.02653093333333333, 0.0385593, 0.019869, 0.023980533333333342, 0.018820499999999997, 0.028882933333333336, 0.04087059999999999, 0.038310333333333335, 0.041777899999999986, 0.05430940000000001, 0.06441296666666667, 0.0341341, 0.03458823333333334, 0.0318854, 0.04429266666666667, 0.054083633333333346, 0.0235582, 0.09073066666666667, 0.20011686666666673, 0.13010233333333335, 0.1678137666666667, 0.0, 0.06199526666666667, 0.05079793333333334, 0.0364056, 0.031001933333333336, 0.049167066666666676, 0.03169996666666667, 0.03227293333333334, 0.0386903, 0.03338976666666667, 0.02509323333333334, 0.0337635, 0.04076889999999998, 0.027129600000000004, 0.04007143333333333, 0.044147466666666656], [0.03181146666666666, 0.03818206666666667, 0.044183366666666654, 0.0425742, 0.04426309999999999, 0.03556696666666666, 0.04158383333333334, 0.03779063333333332, 0.03670206666666668, 0.040302500000000005, 0.02073936666666667, 0.02774756666666667, 0.026081666666666656, 0.04129756666666665, 0.024302199999999996, 0.04716096666666667, 0.0488694, 0.03560346666666667, 0.040141066666666676, 0.048360333333333325, 0.042375833333333335, 0.04637083333333333, 0.042785666666666666, 0.0295345, 0.04544073333333333, 0.039372533333333334, 0.038875666666666656, 0.024159399999999998, 0.035016366666666666, 0.044083833333333336, 0.034650166666666656, 0.029744566666666666, 0.04779383333333333, 0.04368713333333333, 0.06199526666666667, 0.0, 1.702982533333333, 0.2265050666666667, 0.23812229999999993, 0.16517503333333333, 0.038246466666666666, 0.04080789999999999, 0.04628200000000001, 0.0330396, 0.058712499999999994, 0.03377273333333333, 0.026389833333333335, 0.043241133333333334, 0.020597633333333334, 0.02901626666666667], [0.03063063333333333, 0.036644766666666655, 0.04399553333333332, 0.04420206666666666, 0.04524273333333333, 0.03182326666666667, 0.03674453333333332, 0.02890836666666667, 0.03421356666666665, 0.04146796666666667, 0.023796266666666666, 0.029393766666666668, 0.02947763333333333, 0.046026000000000004, 0.028156533333333334, 0.05764543333333333, 0.06374396666666668, 0.0320473, 0.041136799999999994, 0.03703076666666666, 0.0422411, 0.051350866666666654, 0.04969593333333334, 0.03589733333333334, 0.048084933333333336, 0.036158166666666665, 0.03844949999999999, 0.021743966666666666, 0.026139700000000002, 0.04012916666666666, 0.04659713333333333, 0.037194700000000004, 0.045074366666666664, 0.045811566666666664, 0.05079793333333334, 1.702982533333333, 0.0, 0.2213772333333333, 0.2212387666666667, 0.20367293333333333, 0.036148033333333336, 0.0398603, 0.04749436666666666, 0.03441763333333333, 0.05764023333333334, 0.043636566666666675, 0.039377433333333337, 0.0478543, 0.02686833333333333, 0.038864766666666675], [0.044971333333333335, 0.03949516666666666, 0.03331426666666667, 0.037695966666666664, 0.03268533333333334, 0.03462216666666667, 0.03390883333333333, 0.03791450000000001, 0.04872583333333335, 0.04658316666666667, 0.030416233333333334, 0.029697633333333334, 0.04877956666666665, 0.024534099999999993, 0.043511633333333334, 0.039340766666666666, 0.04393160000000001, 0.0401471, 0.04759300000000001, 0.05098573333333334, 0.0425053, 0.0449651, 0.03592306666666666, 0.04125656666666667, 0.03415303333333334, 0.030633099999999996, 0.045783833333333336, 0.02488006666666667, 0.03721896666666667, 0.03608953333333333, 0.05179933333333334, 0.052810499999999996, 0.0406356, 0.026406433333333333, 0.0364056, 0.2265050666666667, 0.2213772333333333, 0.0, 0.5051587, 0.1949287666666666, 0.035539233333333344, 0.022303033333333337, 0.04724876666666668, 0.03210216666666666, 0.05139726666666668, 0.025539233333333338, 0.0205117, 0.04506646666666666, 0.0285439, 0.03857359999999999], [0.040364433333333345, 0.043823933333333336, 0.048198700000000004, 0.038437233333333334, 0.042426000000000005, 0.0311324, 0.03305366666666667, 0.043803133333333334, 0.04479703333333333, 0.05001496666666669, 0.035535333333333335, 0.03570543333333333, 0.037593600000000005, 0.019458800000000002, 0.029381166666666663, 0.049408933333333335, 0.0490053, 0.04292213333333333, 0.056234166666666655, 0.06491443333333334, 0.030818300000000003, 0.04187476666666668, 0.03409516666666667, 0.05269599999999999, 0.048846500000000015, 0.0289123, 0.0468104, 0.0327312, 0.04477753333333333, 0.03675786666666667, 0.043170799999999995, 0.03898496666666667, 0.04561626666666669, 0.03359233333333333, 0.031001933333333336, 0.23812229999999993, 0.2212387666666667, 0.5051587, 0.0, 0.19309016666666662, 0.04991893333333334, 0.04440560000000001, 0.0413633, 0.03523476666666666, 0.04877373333333333, 0.046538100000000006, 0.03937346666666667, 0.04626789999999999, 0.02974576666666667, 0.048612333333333334], [0.02426459999999999, 0.022575599999999998, 0.038901899999999996, 0.033392666666666675, 0.05009313333333331, 0.038562799999999994, 0.03787983333333334, 0.027594000000000004, 0.04046683333333334, 0.03396416666666668, 0.04546846666666667, 0.04383266666666666, 0.0400749, 0.03651306666666666, 0.0471961, 0.062474500000000016, 0.0608529, 0.04122703333333333, 0.05087166666666667, 0.04472096666666667, 0.02653873333333333, 0.02897016666666667, 0.0348529, 0.040388166666666676, 0.02991346666666667, 0.0362617, 0.038861400000000004, 0.0346387, 0.0302633, 0.043303299999999996, 0.05659146666666667, 0.05086383333333333, 0.03370649999999999, 0.03130850000000001, 0.049167066666666676, 0.16517503333333333, 0.20367293333333333, 0.1949287666666666, 0.19309016666666662, 0.0, 0.05183723333333332, 0.0478431, 0.07132909999999999, 0.053997100000000006, 0.0358852, 0.05009256666666668, 0.04512083333333331, 0.05474063333333332, 0.03885466666666666, 0.038868700000000006], [0.04179136666666668, 0.0334426, 0.04623766666666666, 0.03678523333333333, 0.04586713333333333, 0.038476866666666665, 0.0418079, 0.05759723333333333, 0.04015910000000001, 0.039408533333333336, 0.04642679999999999, 0.04871946666666667, 0.04334056666666667, 0.0483235, 0.029351633333333328, 0.0485178, 0.04682059999999999, 0.03462356666666667, 0.05284106666666667, 0.036959, 0.03539706666666667, 0.03916196666666666, 0.031011599999999997, 0.04541736666666668, 0.022264133333333335, 0.04222476666666666, 0.0409997, 0.053698899999999994, 0.04377776666666667, 0.033130999999999994, 0.038660599999999996, 0.0339