[[0.0, 0.040919133333333337, 0.03736930000000001, 0.04340763333333334, 0.02219583333333333, 0.03599303333333334, 0.02858423333333333, 0.04116656666666666, 0.029698000000000002, 0.028750133333333334, 0.047790733333333335, 0.033263433333333335, 0.03925799999999999, 0.026457933333333326, 0.025263900000000002, 0.024827133333333338, 0.03023799999999999, 0.03831376666666667, 0.04117716666666666, 0.027786433333333325, 0.015261199999999999, 0.023471999999999993, 0.044485166666666666, 0.02559393333333334, 0.032380866666666674, 0.027245466666666673, 0.033997033333333336, 0.061141366666666655, 0.04810483333333333, 0.062497833333333336, 0.03140796666666666, 0.03282329999999999, 0.03546496666666667, 0.025429766666666662, 0.030505733333333337, 0.022717666666666667, 0.031048033333333322, 0.022451633333333332, 0.025298766666666674, 0.027933533333333333, 0.03931123333333333, 0.03360763333333333, 0.04591336666666668, 0.04122906666666667, 0.04274813333333334, 0.0447639, 0.027692833333333326, 0.021318166666666673, 0.026232066666666665, 0.030762466666666665], [0.040919133333333337, 0.0, 0.11781603333333332, 0.06271763333333333, 0.04824693333333333, 0.03332533333333333, 0.03310536666666666, 0.03917930000000001, 0.025228200000000003, 0.03246183333333332, 0.035080700000000006, 0.03447443333333334, 0.024925399999999993, 0.046601266666666676, 0.03350006666666666, 0.04388680000000002, 0.03446746666666667, 0.05063146666666667, 0.03250356666666667, 0.02647746666666666, 0.044935100000000006, 0.03560186666666666, 0.029144766666666665, 0.052087100000000004, 0.032471033333333336, 0.03573833333333333, 0.0274203, 0.03990466666666667, 0.05456723333333334, 0.039422, 0.03324626666666667, 0.03190643333333334, 0.04700943333333333, 0.048542133333333334, 0.030897666666666667, 0.018175566666666667, 0.028271066666666664, 0.04109300000000001, 0.03364946666666667, 0.025212866666666663, 0.040869466666666666, 0.031646733333333336, 0.031101399999999998, 0.04539346666666667, 0.0489511, 0.05160353333333334, 0.0593079, 0.05363926666666666, 0.04319046666666667, 0.0348641], [0.03736930000000001, 0.11781603333333332, 0.0, 0.1554337, 0.06692563333333333, 0.05197869999999999, 0.028470066666666665, 0.020097733333333333, 0.03206486666666667, 0.030638766666666668, 0.04117416666666666, 0.0324514, 0.022743600000000003, 0.03663766666666667, 0.04139946666666667, 0.03362400000000001, 0.040821933333333324, 0.0324877, 0.019777199999999998, 0.024957366666666665, 0.026854733333333332, 0.035501899999999996, 0.02934203333333333, 0.02024433333333333, 0.02636296666666667, 0.03008946666666667, 0.031294466666666666, 0.025731166666666666, 0.03458220000000001, 0.0405606, 0.031974833333333334, 0.03946126666666667, 0.020344166666666667, 0.04748613333333333, 0.04064396666666667, 0.03387746666666667, 0.026252766666666663, 0.023543500000000002, 0.04755399999999999, 0.03647903333333332, 0.0366835, 0.03186983333333333, 0.03718196666666665, 0.03767093333333333, 0.024765733333333335, 0.036582033333333326, 0.03143, 0.038177433333333344, 0.023410533333333327, 0.0382962], [0.04340763333333334, 0.06271763333333333, 0.1554337, 0.0, 0.12038993333333331, 0.0706488, 0.033367233333333336, 0.05297013333333333, 0.04499603333333334, 0.033233200000000004, 0.048885333333333336, 0.04348746666666667, 0.028039300000000003, 0.02732803333333333, 0.04332099999999999, 0.028746266666666666, 0.041589066666666674, 0.026123566666666667, 0.032403666666666664, 0.02576646666666666, 0.036021399999999995, 0.02557503333333333, 0.030017166666666668, 0.042936966666666666, 0.042891900000000004, 0.025812233333333334, 0.027648233333333338, 0.018934600000000003, 0.023243233333333335, 0.03979923333333332, 0.035300899999999996, 0.03398226666666667, 0.03648696666666666, 0.0291133, 0.03021073333333333, 0.0429583, 0.020885600000000004, 0.029416833333333336, 0.054050266666666666, 0.042263933333333344, 0.05612823333333333, 0.042475933333333334, 0.031257700000000006, 0.024825033333333333, 0.019713500000000002, 0.025478800000000006, 0.02746543333333334, 0.02841283333333333, 0.0310624, 0.04157806666666668], [0.02219583333333333, 0.04824693333333333, 0.06692563333333333, 0.12038993333333331, 0.0, 0.15725810000000004, 0.04486299999999999, 0.040053233333333334, 0.05529586666666667, 0.032966999999999996, 0.04049253333333332, 0.04182526666666666, 0.06483546666666666, 0.0451491, 0.030563566666666674, 0.032930833333333326, 0.030821066666666664, 0.03712613333333334, 0.041036766666666655, 0.038420566666666676, 0.047880599999999995, 0.03142703333333333, 0.030332399999999995, 0.03188666666666667, 0.026838733333333337, 0.0258966, 0.024027366666666668, 0.025741333333333324, 0.02940193333333334, 0.0491094, 0.03613896666666667, 0.047091033333333344, 0.031101833333333335, 0.03579383333333333, 0.04317470000000001, 0.04429896666666666, 0.0339705, 0.03452063333333334, 0.056724233333333325, 0.03914536666666666, 0.043554033333333325, 0.03329106666666666, 0.03451733333333333, 0.026818033333333338, 0.02592003333333334, 0.029958900000000007, 0.03281963333333333, 0.03531763333333333, 0.053539100000000006, 0.04480703333333333], [0.03599303333333334, 0.03332533333333333, 0.05197869999999999, 0.0706488, 0.15725810000000004, 0.0, 0.09239126666666667, 0.04065736666666667, 0.03289583333333333, 0.03977936666666666, 0.03739876666666665, 0.058877266666666664, 0.030803599999999993, 0.038313533333333344, 0.03130293333333333, 0.027324700000000004, 0.034192466666666664, 0.02516336666666667, 0.03180393333333334, 0.030087599999999996, 0.0359897, 0.028909833333333336, 0.02882986666666667, 0.02435136666666667, 0.030593400000000003, 0.0316841, 0.030841699999999996, 0.027267166666666665, 0.030437599999999992, 0.044332199999999995, 0.024971666666666666, 0.034629133333333346, 0.032469066666666664, 0.03231313333333334, 0.02817496666666667, 0.05172950000000001, 0.0278915, 0.028181166666666667, 0.05348056666666667, 0.049540499999999994, 0.04001716666666666, 0.03695596666666667, 0.02206773333333333, 0.023077733333333336, 0.02553343333333333, 0.023409099999999995, 0.03905266666666667, 0.03372663333333334, 0.0373618, 0.03368553333333333], [0.02858423333333333, 0.03310536666666666, 0.028470066666666665, 0.033367233333333336, 0.04486299999999999, 0.09239126666666667, 0.0, 0.11867463333333333, 0.02711473333333332, 0.02288343333333333, 0.02542293333333333, 0.037323133333333335, 0.046041033333333335, 0.05778083333333332, 0.0307237, 0.019590466666666664, 0.058826466666666674, 0.040976533333333336, 0.03584996666666666, 0.03935929999999999, 0.0396484, 0.035741699999999994, 0.041169366666666665, 0.027949699999999994, 0.024020600000000003, 0.024070433333333332, 0.019757433333333334, 0.020240833333333333, 0.0247998, 0.05775530000000001, 0.036428466666666666, 0.0342706, 0.037249633333333323, 0.025258233333333328, 0.021709400000000007, 0.0406282, 0.03508776666666668, 0.039360266666666664, 0.031864199999999995, 0.0385271, 0.035779399999999996, 0.03883746666666667, 0.038159066666666665, 0.03774316666666666, 0.03950506666666667, 0.051045600000000003, 0.04909993333333332, 0.04165416666666667, 0.034270800000000004, 0.040723433333333336], [0.04116656666666666, 0.03917930000000001, 0.020097733333333333, 0.05297013333333333, 0.040053233333333334, 0.04065736666666667, 0.11867463333333333, 0.0, 0.1003452, 0.061131566666666665, 0.04776176666666667, 0.034598833333333336, 0.04399786666666667, 0.0474538, 0.02136636666666666, 0.030714433333333336, 0.035251099999999994, 0.020347099999999996, 0.04866813333333333, 0.046573966666666654, 0.044930633333333324, 0.044814599999999996, 0.022355533333333337, 0.03747233333333333, 0.027265833333333333, 0.03671696666666667, 0.034799099999999986, 0.026954766666666668, 0.037321200000000006, 0.05900649999999998, 0.040552300000000006, 0.02103996666666667, 0.04562686666666667, 0.05067666666666667, 0.0393627, 0.023951999999999994, 0.034031733333333335, 0.030741099999999997, 0.03354136666666667, 0.03602913333333334, 0.03744446666666666, 0.0571112, 0.04927743333333333, 0.0455546, 0.04734636666666666, 0.04541856666666667, 0.029992699999999994, 0.035702966666666676, 0.0431534, 0.04207599999999999], [0.029698000000000002, 0.025228200000000003, 0.03206486666666667, 0.04499603333333334, 0.05529586666666667, 0.03289583333333333, 0.02711473333333332, 0.1003452, 0.0, 0.14211253333333332, 0.049519966666666686, 0.0541213, 0.032705, 0.039717733333333324, 0.0330838, 0.029426100000000004, 0.020242566666666666, 0.03639526666666667, 0.03769339999999999, 0.03655416666666667, 0.022947733333333335, 0.05095746666666668, 0.050129399999999984, 0.030845166666666674, 0.031177333333333328, 0.03933123333333332, 0.028389233333333326, 0.03500156666666668, 0.03845310000000001, 0.03252353333333333, 0.0249623, 0.04290173333333334, 0.045464466666666675, 0.03666200000000001, 0.028753066666666667, 0.054622100000000014, 0.03992280000000001, 0.022879433333333338, 0.03475233333333333, 0.025132866666666667, 0.03313466666666666, 0.038361533333333336, 0.04721643333333332, 0.07240763333333335, 0.042578599999999994, 0.02928503333333333, 0.0264536, 0.030759933333333336, 0.04692253333333334, 0.04084606666666667], [0.028750133333333334, 0.03246183333333332, 0.030638766666666668, 0.033233200000000004, 0.032966999999999996, 0.03977936666666666, 0.02288343333333333, 0.061131566666666665, 0.14211253333333332, 0.0, 0.13628419999999997, 0.04687166666666667, 0.05149463333333334, 0.050016466666666676, 0.031148333333333333, 0.029913800000000008, 0.018351833333333335, 0.04869790000000001, 0.035348033333333334, 0.03132256666666667, 0.03520146666666666, 0.05704273333333333, 0.041759599999999994, 0.02941593333333333, 0.029534666666666657, 0.04211719999999999, 0.031062800000000005, 0.031993733333333337, 0.03544596666666667, 0.020069966666666664, 0.04185996666666667, 0.027164633333333334, 0.026013900000000006, 0.042563166666666666, 0.04362503333333333, 0.04458926666666666, 0.031593199999999995, 0.03138276666666668, 0.033481333333333335, 0.03686536666666667, 0.0228375, 0.037517733333333345, 0.02716613333333333, 0.010529433333333336, 0.02301866666666667, 0.0265959, 0.030375300000000008, 0.0319437, 0.04042300000000001, 0.03559743333333333], [0.047790733333333335, 0.035080700000000006, 0.04117416666666666, 0.048885333333333336, 0.04049253333333332, 0.03739876666666665, 0.02542293333333333, 0.04776176666666667, 0.049519966666666686, 0.13628419999999997, 0.0, 0.11284166666666667, 0.05153273333333333, 0.0612578, 0.05043759999999999, 0.027630333333333333, 0.03765133333333334, 0.026432533333333338, 0.04123900000000001, 0.03444336666666666, 0.03425416666666667, 0.03262413333333333, 0.03652883333333333, 0.0234347, 0.027882766666666673, 0.052126633333333325, 0.03430596666666667, 0.027517599999999993, 0.05566420000000002, 0.045748199999999996, 0.042959566666666664, 0.0148341, 0.0323937, 0.033531366666666666, 0.03146306666666667, 0.03215846666666667, 0.04509673333333334, 0.03403953333333334, 0.030890133333333333, 0.0325949, 0.035247, 0.017364833333333333, 0.02262616666666667, 0.0462356, 0.04874749999999999, 0.032312300000000016, 0.03737973333333334, 0.0365408, 0.04658173333333332, 0.055173566666666674], [0.033263433333333335, 0.03447443333333334, 0.0324514, 0.04348746666666667, 0.04182526666666666, 0.058877266666666664, 0.037323133333333335, 0.034598833333333336, 0.0541213, 0.04687166666666667, 0.11284166666666667, 0.0, 0.14468856666666668, 0.0949885, 0.06200543333333333, 0.03647446666666667, 0.048864466666666655, 0.02473726666666666, 0.0354119, 0.0458765, 0.04038223333333334, 0.03287573333333333, 0.04408150000000001, 0.039276933333333326, 0.04266306666666665, 0.02083086666666667, 0.03479259999999999, 0.024221333333333338, 0.03817093333333334, 0.041109466666666664, 0.02035876666666667, 0.03839243333333335, 0.0363924, 0.0356017, 0.0109264, 0.0389333, 0.03830139999999999, 0.0289001, 0.03439469999999999, 0.03401073333333333, 0.02647076666666667, 0.03414983333333333, 0.03686829999999999, 0.049579833333333344, 0.0375139, 0.04259770000000001, 0.028351699999999997, 0.038795366666666664, 0.03603429999999999, 0.035004999999999994], [0.03925799999999999, 0.024925399999999993, 0.022743600000000003, 0.028039300000000003, 0.06483546666666666, 0.030803599999999993, 0.046041033333333335, 0.04399786666666667, 0.032705, 0.05149463333333334, 0.05153273333333333, 0.14468856666666668, 0.0, 0.1473612, 0.058786566666666665, 0.052325699999999996, 0.037015066666666666, 0.025942466666666664, 0.03480823333333334, 0.04122993333333332, 0.04607746666666667, 0.024169033333333333, 0.02427213333333334, 0.0326062, 0.04744063333333334, 0.04195066666666667, 0.0285561, 0.0380111, 0.048325166666666655, 0.042063433333333344, 0.043229399999999994, 0.04389126666666666, 0.0478172, 0.030465966666666667, 0.030244833333333332, 0.019298299999999994, 0.03609483333333334, 0.02521243333333333, 0.021199899999999997, 0.041923166666666664, 0.04059859999999999, 0.03438156666666667, 0.021616333333333338, 0.03416430000000001, 0.02953093333333334, 0.04962220000000001, 0.03559066666666666, 0.02564886666666667, 0.045087800000000004, 0.03529310000000001], [0.026457933333333326, 0.046601266666666676, 0.03663766666666667, 0.02732803333333333, 0.0451491, 0.038313533333333344, 0.05778083333333332, 0.0474538, 0.039717733333333324, 0.050016466666666676, 0.0612578, 0.0949885, 0.1473612, 0.0, 0.12582783333333333, 0.04016346666666668, 0.03610466666666666, 0.04735130000000001, 0.04286843333333333, 0.034588766666666666, 0.038264099999999995, 0.030386033333333336, 0.02775513333333333, 0.043584599999999994, 0.0433622, 0.04263686666666666, 0.03398280000000001, 0.037513833333333337, 0.027946733333333335, 0.041501166666666665, 0.030418533333333338, 0.04920340000000001, 0.043276733333333324, 0.02215013333333333, 0.0300816, 0.02477366666666667, 0.031251466666666665, 0.0399131, 0.026604699999999995, 0.04200050000000001, 0.040248400000000004, 0.04534493333333332, 0.034660533333333333, 0.030580399999999997, 0.0387103, 0.024139199999999993, 0.04328383333333333, 0.036426733333333336, 0.04458173333333334, 0.05148780000000001], [0.025263900000000002, 0.03350006666666666, 0.04139946666666667, 0.04332099999999999, 0.030563566666666674, 0.03130293333333333, 0.0307237, 0.02136636666666666, 0.0330838, 0.031148333333333333, 0.05043759999999999, 0.06200543333333333, 0.058786566666666665, 0.12582783333333333, 0.0, 0.13835743333333334, 0.06541549999999999, 0.05138123333333333, 0.03602243333333333, 0.046610433333333326, 0.038735266666666664, 0.026675933333333332, 0.0235925, 0.025843666666666657, 0.02593233333333333, 0.025997899999999997, 0.03963666666666667, 0.03314846666666667, 0.020813966666666666, 0.0449721, 0.02555443333333333, 0.03653926666666667, 0.044895733333333326, 0.04122536666666667, 0.0346671, 0.0448815, 0.031068500000000002, 0.027210733333333334, 0.03569859999999999, 0.04107430000000001, 0.034272300000000006, 0.04543330000000001, 0.02139976666666667, 0.036436, 0.04653923333333334, 0.031980600000000005, 0.0325065, 0.030288166666666665, 0.0336128, 0.030386966666666664], [0.024827133333333338, 0.04388680000000002, 0.03362400000000001, 0.028746266666666666, 0.032930833333333326, 0.027324700000000004, 0.019590466666666664, 0.030714433333333336, 0.029426100000000004, 0.029913800000000008, 0.027630333333333333, 0.03647446666666667, 0.052325699999999996, 0.04016346666666668, 0.13835743333333334, 0.0, 0.13106706666666668, 0.04624093333333333, 0.037728333333333336, 0.04837686666666667, 0.024361400000000002, 0.027439066666666675, 0.032354766666666666, 0.037456933333333345, 0.046683433333333337, 0.039150000000000004, 0.025474866666666665, 0.028785999999999996, 0.029326233333333333, 0.025653199999999998, 0.03139123333333333, 0.04093046666666668, 0.049196999999999984, 0.04798930000000001, 0.037194766666666663, 0.02561246666666667, 0.021289533333333326, 0.03247916666666667, 0.035697033333333336, 0.034589100000000005, 0.0266216, 0.03558993333333333, 0.029489400000000002, 0.042428566666666674, 0.02808656666666666, 0.036461333333333325, 0.026778733333333332, 0.04012403333333332, 0.0280189, 0.04003143333333333], [0.03023799999999999, 0.03446746666666667, 0.040821933333333324, 0.041589066666666674, 0.030821066666666664, 0.034192466666666664, 0.058826466666666674, 0.035251099999999994, 0.020242566666666666, 0.018351833333333335, 0.03765133333333334, 0.048864466666666655, 0.037015066666666666, 0.03610466666666666, 0.06541549999999999, 0.13106706666666668, 0.0, 0.1185243, 0.027781966666666665, 0.03201849999999999, 0.0438891, 0.024643166666666667, 0.041477299999999995, 0.04521243333333333, 0.0412965, 0.04122456666666665, 0.030271466666666667, 0.0166252, 0.022773899999999996, 0.03275736666666666, 0.030182166666666666, 0.04791606666666666, 0.03659396666666667, 0.030227733333333333, 0.049590199999999994, 0.04375176666666667, 0.04365403333333333, 0.033941000000000006, 0.0333907, 0.04046339999999999, 0.029342800000000002, 0.03727423333333333, 0.028354766666666673, 0.025002699999999996, 0.031983733333333327, 0.03213873333333334, 0.023660266666666666, 0.03863126666666667, 0.0279147, 0.04514593333333334], [0.03831376666666667, 0.05063146666666667, 0.0324877, 0.026123566666666667, 0.03712613333333334, 0.02516336666666667, 0.040976533333333336, 0.020347099999999996, 0.03639526666666667, 0.04869790000000001, 0.026432533333333338, 0.02473726666666666, 0.025942466666666664, 0.04735130000000001, 0.05138123333333333, 0.04624093333333333, 0.1185243, 0.0, 0.1253956, 0.06135033333333332, 0.042308566666666665, 0.02876696666666667, 0.03609060000000001, 0.03011006666666666, 0.03569796666666666, 0.04000606666666666, 0.03411223333333333, 0.031009633333333335, 0.04126776666666667, 0.024253333333333328, 0.02876016666666667, 0.04110816666666667, 0.02102493333333333, 0.036280433333333334, 0.032668699999999995, 0.02981423333333334, 0.03884346666666666, 0.050984800000000004, 0.036461799999999996, 0.04418346666666667, 0.05475303333333334, 0.0535506, 0.0502307, 0.023223166666666663, 0.040553299999999994, 0.025463799999999998, 0.04402696666666667, 0.04052239999999999, 0.023468833333333335, 0.0355338], [0.04117716666666666, 0.03250356666666667, 0.019777199999999998, 0.032403666666666664, 0.041036766666666655, 0.03180393333333334, 0.03584996666666666, 0.04866813333333333, 0.03769339999999999, 0.035348033333333334, 0.04123900000000001, 0.0354119, 0.03480823333333334, 0.04286843333333333, 0.03602243333333333, 0.037728333333333336, 0.027781966666666665, 0.1253956, 0.0, 0.11925533333333334, 0.049967833333333336, 0.04122316666666667, 0.02541226666666667, 0.03489356666666667, 0.050234033333333324, 0.029692733333333332, 0.030822366666666674, 0.02000043333333333, 0.03576656666666667, 0.023060866666666662, 0.04199636666666667, 0.05836473333333334, 0.04417749999999999, 0.03073433333333333, 0.03269423333333333, 0.024266399999999994, 0.03292923333333334, 0.03357876666666667, 0.038317866666666665, 0.038675799999999996, 0.04513773333333334, 0.0531685, 0.05017286666666667, 0.028152500000000004, 0.035029899999999996, 0.031227233333333337, 0.033102599999999996, 0.028841299999999997, 0.019658800000000004, 0.027595933333333322], [0.027786433333333325, 0.02647746666666666, 0.024957366666666665, 0.02576646666666666, 0.038420566666666676, 0.030087599999999996, 0.03935929999999999, 0.046573966666666654, 0.03655416666666667, 0.03132256666666667, 0.03444336666666666, 0.0458765, 0.04122993333333332, 0.034588766666666666, 0.046610433333333326, 0.04837686666666667, 0.03201849999999999, 0.06135033333333332, 0.11925533333333334, 0.0, 0.16193799999999997, 0.05175503333333333, 0.0477451, 0.03780913333333333, 0.04713946666666665, 0.025546633333333325, 0.04714376666666667, 0.03610173333333334, 0.044190900000000005, 0.03678143333333334, 0.03275483333333334, 0.029544366666666665, 0.05246390000000001, 0.02688176666666666, 0.047156500000000004, 0.033982233333333334, 0.04632140000000001, 0.0373496, 0.018499666666666668, 0.03753793333333333, 0.04163443333333333, 0.04069986666666666, 0.03440030000000001, 0.051643900000000006, 0.0260044, 0.03457473333333333, 0.02622906666666666, 0.028698566666666658, 0.03705753333333333, 0.0431147], [0.015261199999999999, 0.044935100000000006, 0.026854733333333332, 0.036021399999999995, 0.047880599999999995, 0.0359897, 0.0396484, 0.044930633333333324, 0.022947733333333335, 0.03520146666666666, 0.03425416666666667, 0.04038223333333334, 0.04607746666666667, 0.038264099999999995, 0.038735266666666664, 0.024361400000000002, 0.0438891, 0.042308566666666665, 0.049967833333333336, 0.16193799999999997, 0.0, 0.13023753333333335, 0.06211150000000001, 0.03719653333333332, 0.03248696666666667, 0.04513589999999999, 0.04714036666666667, 0.05207966666666667, 0.04181173333333334, 0.022820933333333338, 0.037312766666666664, 0.022676266666666667, 0.034825100000000005, 0.02935053333333333, 0.04426413333333335, 0.04663256666666667, 0.04420493333333334, 0.037940033333333324, 0.024512933333333334, 0.0383103, 0.03607953333333333, 0.05127396666666667, 0.027541633333333336, 0.038575066666666664, 0.03346726666666666, 0.03438686666666666, 0.02128506666666666, 0.0365083, 0.055373799999999994, 0.04714530000000001], [0.023471999999999993, 0.03560186666666666, 0.035501899999999996, 0.02557503333333333, 0.03142703333333333, 0.028909833333333336, 0.035741699999999994, 0.044814599999999996, 0.05095746666666668, 0.05704273333333333, 0.03262413333333333, 0.03287573333333333, 0.024169033333333333, 0.030386033333333336, 0.026675933333333332, 0.027439066666666675, 0.024643166666666667, 0.02876696666666667, 0.04122316666666667, 0.05175503333333333, 0.13023753333333335, 0.0, 0.13645646666666666, 0.05147100000000001, 0.054717800000000004, 0.061488133333333334, 0.034884766666666664, 0.0434105, 0.03714686666666666, 0.03821146666666667, 0.03386186666666667, 0.03671176666666668, 0.0246208, 0.03820553333333334, 0.042811699999999994, 0.045952566666666674, 0.026960666666666668, 0.03645896666666667, 0.0318198, 0.034363700000000004, 0.02891793333333334, 0.036932599999999996, 0.031005133333333327, 0.040736699999999994, 0.034823, 0.033140866666666664, 0.03667193333333334, 0.023656666666666673, 0.03198956666666667, 0.029924433333333333], [0.044485166666666666, 0.029144766666666665, 0.02934203333333333, 0.030017166666666668, 0.030332399999999995, 0.02882986666666667, 0.041169366666666665, 0.022355533333333337, 0.050129399999999984, 0.041759599999999994, 0.03652883333333333, 0.04408150000000001, 0.02427213333333334, 0.02775513333333333, 0.0235925, 0.032354766666666666, 0.041477299999999995, 0.03609060000000001, 0.02541226666666667, 0.0477451, 0.06211150000000001, 0.13645646666666666, 0.0, 0.1545339333333334, 0.0646403, 0.05222776666666666, 0.04944666666666668, 0.0467397, 0.04492966666666667, 0.013784066666666667, 0.04862093333333334, 0.041930999999999996, 0.033403300000000004, 0.03908466666666667, 0.03869750000000001, 0.0332465, 0.037445033333333336, 0.042295533333333336, 0.03297933333333333, 0.025336366666666662, 0.029704533333333335, 0.050537766666666664, 0.03374916666666667, 0.04058226666666668, 0.03155553333333333, 0.026599066666666664, 0.03473906666666667, 0.024915399999999997, 0.04072383333333333, 0.03331403333333334], [0.02559393333333334, 0.052087100000000004, 0.02024433333333333, 0.042936966666666666, 0.03188666666666667, 0.02435136666666667, 0.027949699999999994, 0.03747233333333333, 0.030845166666666674, 0.02941593333333333, 0.0234347, 0.039276933333333326, 0.0326062, 0.043584599999999994, 0.025843666666666657, 0.037456933333333345, 0.04521243333333333, 0.03011006666666666, 0.03489356666666667, 0.03780913333333333, 0.03719653333333332, 0.05147100000000001, 0.1545339333333334, 0.0, 0.1318187333333333, 0.078447, 0.05433306666666667, 0.0472093, 0.03746086666666666, 0.027191633333333336, 0.023545000000000007, 0.034184733333333335, 0.0489227, 0.02769226666666667, 0.04750420000000001, 0.024179266666666657, 0.0392668, 0.041293466666666674, 0.01734546666666667, 0.04170679999999999, 0.038272266666666666, 0.03766896666666666, 0.035482066666666666, 0.03600666666666666, 0.037930666666666675, 0.030432766666666663, 0.03757276666666665, 0.03403293333333334, 0.04501323333333334, 0.04984753333333334], [0.032380866666666674, 0.032471033333333336, 0.02636296666666667, 0.042891900000000004, 0.026838733333333337, 0.030593400000000003, 0.024020600000000003, 0.027265833333333333, 0.031177333333333328, 0.029534666666666657, 0.027882766666666673, 0.04266306666666665, 0.04744063333333334, 0.0433622, 0.02593233333333333, 0.046683433333333337, 0.0412965, 0.03569796666666666, 0.050234033333333324, 0.04713946666666665, 0.03248696666666667, 0.054717800000000004, 0.0646403, 0.1318187333333333, 0.0, 0.1767698, 0.06223073333333332, 0.027481499999999996, 0.023322033333333336, 0.03986873333333334, 0.0420887, 0.05052150000000001, 0.0637098, 0.04560970000000001, 0.02615736666666667, 0.0351553, 0.03760459999999999, 0.03802846666666666, 0.039648166666666665, 0.0335036, 0.03509933333333334, 0.02322223333333333, 0.03455163333333334, 0.03441683333333333, 0.04490550000000001, 0.027057499999999998, 0.044131166666666666, 0.028595133333333328, 0.03039763333333334, 0.015904966666666666], [0.027245466666666673, 0.03573833333333333, 0.03008946666666667, 0.025812233333333334, 0.0258966, 0.0316841, 0.024070433333333332, 0.03671696666666667, 0.03933123333333332, 0.04211719999999999, 0.052126633333333325, 0.02083086666666667, 0.04195066666666667, 0.04263686666666666, 0.025997899999999997, 0.039150000000000004, 0.04122456666666665, 0.04000606666666666, 0.029692733333333332, 0.025546633333333325, 0.04513589999999999, 0.061488133333333334, 0.05222776666666666, 0.078447, 0.1767698, 0.0, 0.12240873333333334, 0.04569796666666666, 0.04043143333333333, 0.033635799999999993, 0.027736233333333336, 0.0340369, 0.04836466666666667, 0.05594026666666667, 0.03744256666666667, 0.03595556666666667, 0.03196243333333334, 0.04693763333333333, 0.04189356666666667, 0.02255986666666667, 0.03077736666666667, 0.0311395, 0.0344702, 0.0424073, 0.04488716666666666, 0.03857473333333334, 0.0401549, 0.028764066666666668, 0.049493800000000004, 0.02120786666666667], [0.033997033333333336, 0.0274203, 0.031294466666666666, 0.027648233333333338, 0.024027366666666668, 0.030841699999999996, 0.019757433333333334, 0.034799099999999986, 0.028389233333333326, 0.031062800000000005, 0.03430596666666667, 0.03479259999999999, 0.0285561, 0.03398280000000001, 0.03963666666666667, 0.025474866666666665, 0.030271466666666667, 0.03411223333333333, 0.030822366666666674, 0.04714376666666667, 0.04714036666666667, 0.034884766666666664, 0.04944666666666668, 0.05433306666666667, 0.06223073333333332, 0.12240873333333334, 0.0, 0.10740606666666663, 0.048204566666666664, 0.03886716666666666, 0.03829600000000001, 0.03796586666666667, 0.03424583333333333, 0.03194776666666666, 0.03500609999999999, 0.038158399999999995, 0.03272920000000001, 0.04176229999999998, 0.025969566666666666, 0.021852566666666663, 0.035695433333333346, 0.022459066666666666, 0.05620813333333334, 0.046201933333333334, 0.03414543333333332, 0.04978003333333333, 0.0596809, 0.036345133333333335, 0.0390009, 0.03493819999999999], [0.061141366666666655, 0.03990466666666667, 0.025731166666666666, 0.018934600000000003, 0.025741333333333324, 0.027267166666666665, 0.020240833333333333, 0.026954766666666668, 0.03500156666666668, 0.031993733333333337, 0.027517599999999993, 0.024221333333333338, 0.0380111, 0.037513833333333337, 0.03314846666666667, 0.028785999999999996, 0.0166252, 0.031009633333333335, 0.02000043333333333, 0.03610173333333334, 0.05207966666666667, 0.0434105, 0.0467397, 0.0472093, 0.027481499999999996, 0.04569796666666666, 0.10740606666666663, 0.0, 0.11880329999999997, 0.03545630000000002, 0.0269297, 0.021193600000000003, 0.020495899999999997, 0.02651756666666667, 0.05597869999999999, 0.031942000000000005, 0.03156113333333333, 0.035859133333333335, 0.036989433333333335, 0.04254906666666667, 0.03528993333333333, 0.03499179999999999, 0.045948800000000005, 0.03414786666666668, 0.025146400000000003, 0.03544086666666666, 0.03342203333333334, 0.03573626666666666, 0.048779499999999976, 0.040403033333333324], [0.04810483333333333, 0.05456723333333334, 0.03458220000000001, 0.023243233333333335, 0.02940193333333334, 0.030437599999999992, 0.0247998, 0.037321200000000006, 0.03845310000000001, 0.03544596666666667, 0.05566420000000002, 0.03817093333333334, 0.048325166666666655, 0.027946733333333335, 0.020813966666666666, 0.029326233333333333, 0.022773899999999996, 0.04126776666666667, 0.03576656666666667, 0.044190900000000005, 0.04181173333333334, 0.03714686666666666, 0.04492966666666667, 0.03746086666666666, 0.023322033333333336, 0.04043143333333333, 0.048204566666666664, 0.11880329999999997, 0.0, 0.1233097, 0.03818816666666667, 0.05052236666666667, 0.040918500000000003, 0.022026033333333337, 0.0362516, 0.04976096666666666, 0.04695916666666667, 0.0282498, 0.045645200000000004, 0.03471026666666666, 0.037883366666666675, 0.02315103333333333, 0.032281399999999995, 0.04242293333333333, 0.03979529999999999, 0.03651626666666667, 0.031808300000000005, 0.03451443333333333, 0.056413933333333346, 0.04683006666666665], [0.062497833333333336, 0.039422, 0.0405606, 0.03979923333333332, 0.0491094, 0.044332199999999995, 0.05775530000000001, 0.05900649999999998, 0.03252353333333333, 0.020069966666666664, 0.045748199999999996, 0.041109466666666664, 0.042063433333333344, 0.041501166666666665, 0.0449721, 0.025653199999999998, 0.03275736666666666, 0.024253333333333328, 0.023060866666666662, 0.03678143333333334, 0.022820933333333338, 0.03821146666666667, 0.013784066666666667, 0.027191633333333336, 0.03986873333333334, 0.033635799999999993, 0.03886716666666666, 0.03545630000000002, 0.1233097, 0.0, 0.07299306666666666, 0.040428266666666664, 0.036442133333333335, 0.028305533333333334, 0.03241540000000001, 0.04590573333333332, 0.04496763333333334, 0.02581676666666666, 0.02383593333333334, 0.03283133333333334, 0.03177453333333333, 0.029195066666666658, 0.032766766666666676, 0.04718733333333333, 0.02889413333333334, 0.027881333333333345, 0.0327639, 0.04161720000000001, 0.047773866666666664, 0.03031933333333333], [0.03140796666666666, 0.03324626666666667, 0.031974833333333334, 0.035300899999999996, 0.03613896666666667, 0.024971666666666666, 0.036428466666666666, 0.040552300000000006, 0.0249623, 0.04185996666666667, 0.042959566666666664, 0.02035876666666667, 0.043229399999999994, 0.030418533333333338, 0.02555443333333333, 0.03139123333333333, 0.030182166666666666, 0.02876016666666667, 0.04199636666666667, 0.03275483333333334, 0.037312766666666664, 0.03386186666666667, 0.04862093333333334, 0.023545000000000007, 0.0420887, 0.027736233333333336, 0.03829600000000001, 0.0269297, 0.03818816666666667, 0.07299306666666666, 0.0, 0.10188056666666667, 0.05870580000000001, 0.03483233333333333, 0.03558289999999999, 0.050372533333333344, 0.0436154, 0.025938599999999996, 0.0455774, 0.028823933333333333, 0.03081286666666666, 0.022433266666666667, 0.038774433333333316, 0.02489906666666667, 0.0389249, 0.04800906666666665, 0.039735933333333334, 0.030361266666666664, 0.03325726666666666, 0.0235287], [0.03282329999999999, 0.03190643333333334, 0.03946126666666667, 0.03398226666666667, 0.047091033333333344, 0.034629133333333346, 0.0342706, 0.02103996666666667, 0.04290173333333334, 0.027164633333333334, 0.0148341, 0.03839243333333335, 0.04389126666666666, 0.04920340000000001, 0.03653926666666667, 0.04093046666666668, 0.04791606666666666, 0.04110816666666667, 0.05836473333333334, 0.029544366666666665, 0.022676266666666667, 0.03671176666666668, 0.041930999999999996, 0.034184733333333335, 0.05052150000000001, 0.0340369, 0.03796586666666667, 0.021193600000000003, 0.05052236666666667, 0.040428266666666664, 0.10188056666666667, 0.0, 0.1468776, 0.06450973333333333, 0.036876066666666665, 0.04320416666666666, 0.03737896666666667, 0.03801673333333333, 0.03776510000000001, 0.019735199999999998, 0.022210733333333336, 0.03729983333333334, 0.07498673333333332, 0.0493429, 0.037348366666666674, 0.03202543333333333, 0.02205943333333333, 0.031188866666666665, 0.027916633333333333, 0.03508136666666667], [0.03546496666666667, 0.04700943333333333, 0.020344166666666667, 0.03648696666666666, 0.031101833333333335, 0.032469066666666664, 0.037249633333333323, 0.04562686666666667, 0.045464466666666675, 0.026013900000000006, 0.0323937, 0.0363924, 0.0478172, 0.043276733333333324, 0.044895733333333326, 0.049196999999999984, 0.03659396666666667, 0.02102493333333333, 0.04417749999999999, 0.05246390000000001, 0.034825100000000005, 0.0246208, 0.033403300000000004, 0.0489227, 0.0637098, 0.04836466666666667, 0.03424583333333333, 0.020495899999999997, 0.040918500000000003, 0.036442133333333335, 0.05870580000000001, 0.1468776, 0.0, 0.11266583333333333, 0.047791900000000005, 0.03096076666666667, 0.03046013333333334, 0.02410116666666667, 0.039404166666666664, 0.029793333333333335, 0.029642633333333328, 0.026925600000000004, 0.028622399999999996, 0.05139753333333334, 0.03898546666666666, 0.03912039999999999, 0.028753333333333332, 0.03789343333333333, 0.04631830000000001, 0.05492449999999999], [0.025429766666666662, 0.048542133333333334, 0.04748613333333333, 0.0291133, 0.03579383333333333, 0.03231313333333334, 0.025258233333333328, 0.05067666666666667, 0.03666200000000001, 0.042563166666666666, 0.033531366666666666, 0.0356017, 0.030465966666666667, 0.02215013333333333, 0.04122536666666667, 0.04798930000000001, 0.030227733333333333, 0.036280433333333334, 0.03073433333333333, 0.02688176666666666, 0.02935053333333333, 0.03820553333333334, 0.03908466666666667, 0.02769226666666667, 0.04560970000000001, 0.05594026666666667, 0.03194776666666666, 0.02651756666666667, 0.022026033333333337, 0.028305533333333334, 0.03483233333333333, 0.06450973333333333, 0.11266583333333333, 0.0, 0.07371986666666668, 0.03200983333333334, 0.027605133333333334, 0.03282976666666668, 0.03668623333333333, 0.02959660000000001, 0.032768533333333336, 0.03226543333333333, 0.03438016666666667, 0.036193366666666664, 0.0317674, 0.036015066666666665, 0.033448466666666656, 0.05285476666666666, 0.03732636666666667, 0.05365866666666666], [0.030505733333333337, 0.030897666666666667, 0.04064396666666667, 0.03021073333333333, 0.04317470000000001, 0.02817496666666667, 0.021709400000000007, 0.0393627, 0.028753066666666667, 0.04362503333333333, 0.03146306666666667, 0.0109264, 0.030244833333333332, 0.0300816, 0.0346671, 0.037194766666666663, 0.049590199999999994, 0.032668699999999995, 0.03269423333333333, 0.047156500000000004, 0.04426413333333335, 0.042811699999999994, 0.03869750000000001, 0.04750420000000001, 0.02615736666666667, 0.03744256666666667, 0.03500609999999999, 0.05597869999999999, 0.0362516, 0.03241540000000001, 0.03558289999999999, 0.036876066666666665, 0.047791900000000005, 0.07371986666666668, 0.0, 0.1402874333333333, 0.0701668, 0.04151793333333333, 0.035710666666666675, 0.024037166666666665, 0.04950333333333333, 0.0389512, 0.023219166666666666, 0.021303800000000005, 0.014760500000000001, 0.025484900000000005, 0.03352483333333334, 0.04629366666666668, 0.0605425, 0.023226966666666665], [0.022717666666666667, 0.018175566666666667, 0.03387746666666667, 0.0429583, 0.04429896666666666, 0.05172950000000001, 0.0406282, 0.023951999999999994, 0.054622100000000014, 0.04458926666666666, 0.03215846666666667, 0.0389333, 0.019298299999999994, 0.02477366666666667, 0.0448815, 0.02561246666666667, 0.04375176666666667, 0.02981423333333334, 0.024266399999999994, 0.033982233333333334, 0.04663256666666667, 0.045952566666666674, 0.0332465, 0.024179266666666657, 0.0351553, 0.03595556666666667, 0.038158399999999995, 0.031942000000000005, 0.04976096666666666, 0.04590573333333332, 0.050372533333333344, 0.04320416666666666, 0.03096076666666667, 0.03200983333333334, 0.1402874333333333, 0.0, 0.14862716666666673, 0.06083193333333334, 0.02911153333333333, 0.04017963333333335, 0.0347507, 0.035092899999999996, 0.036802633333333334, 0.032309566666666664, 0.0243902, 0.02364493333333333, 0.030013533333333335, 0.023995400000000004, 0.034826133333333335, 0.034763699999999995], [0.031048033333333322, 0.028271066666666664, 0.026252766666666663, 0.020885600000000004, 0.0339705, 0.0278915, 0.03508776666666668, 0.034031733333333335, 0.03992280000000001, 0.031593199999999995, 0.04509673333333334, 0.03830139999999999, 0.03609483333333334, 0.031251466666666665, 0.031068500000000002, 0.021289533333333326, 0.04365403333333333, 0.03884346666666666, 0.03292923333333334, 0.04632140000000001, 0.04420493333333334, 0.026960666666666668, 0.037445033333333336, 0.0392668, 0.03760459999999999, 0.03196243333333334, 0.03272920000000001, 0.03156113333333333, 0.04695916666666667, 0.04496763333333334, 0.0436154, 0.03737896666666667, 0.03046013333333334, 0.027605133333333334, 0.0701668, 0.14862716666666673, 0.0, 0.11132413333333332, 0.03967333333333335, 0.03282363333333333, 0.04904003333333333, 0.03983533333333334, 0.027725133333333336, 0.029192166666666672, 0.017844199999999998, 0.05035013333333333, 0.034238399999999995, 0.03323233333333333, 0.030249500000000006, 0.02832356666666667], [0.022451633333333332, 0.04109300000000001, 0.023543500000000002, 0.029416833333333336, 0.03452063333333334, 0.028181166666666667, 0.039360266666666664, 0.030741099999999997, 0.022879433333333338, 0.03138276666666668, 0.03403953333333334, 0.0289001, 0.02521243333333333, 0.0399131, 0.027210733333333334, 0.03247916666666667, 0.033941000000000006, 0.050984800000000004, 0.03357876666666667, 0.0373496, 0.037940033333333324, 0.03645896666666667, 0.042295533333333336, 0.041293466666666674, 0.03802846666666666, 0.04693763333333333, 0.04176229999999998, 0.035859133333333335, 0.0282498, 0.02581676666666666, 0.025938599999999996, 0.03801673333333333, 0.02410116666666667, 0.03282976666666668, 0.04151793333333333, 0.06083193333333334, 0.11132413333333332, 0.0, 0.1015314, 0.029273233333333325, 0.0319432, 0.04168846666666668, 0.04356103333333333, 0.0361099, 0.029802933333333333, 0.024653199999999997, 0.0182469, 0.025735233333333336, 0.024610833333333335, 0.030412433333333336], [0.025298766666666674, 0.03364946666666667, 0.04755399999999999, 0.054050266666666666, 0.056724233333333325, 0.05348056666666667, 0.031864199999999995, 0.03354136666666667, 0.03475233333333333, 0.033481333333333335, 0.030890133333333333, 0.03439469999999999, 0.021199899999999997, 0.026604699999999995, 0.03569859999999999, 0.035697033333333336, 0.0333907, 0.036461799999999996, 0.038317866666666665, 0.018499666666666668, 0.024512933333333334, 0.0318198, 0.03297933333333333, 0.01734546666666667, 0.039648166666666665, 0.04189356666666667, 0.025969566666666666, 0.036989433333333335, 0.045645200000000004, 0.02383593333333334, 0.0455774, 0.03776510000000001, 0.039404166666666664, 0.03668623333333333, 0.035710666666666675, 0.02911153333333333, 0.03967333333333335, 0.1015314, 0.0, 0.15524283333333336, 0.06248346666666667, 0.04539303333333334, 0.0300408, 0.025412933333333332, 0.027437933333333324, 0.038134633333333334, 0.040460800000000005, 0.051911299999999994, 0.044566600000000005, 0.04790686666666667], [0.027933533333333333, 0.025212866666666663, 0.03647903333333332, 0.042263933333333344, 0.03914536666666666, 0.049540499999999994, 0.0385271, 0.03602913333333334, 0.025132866666666667, 0.03686536666666667, 0.0325949, 0.03401073333333333, 0.041923166666666664, 0.04200050000000001, 0.04107430000000001, 0.034589100000000005, 0.04046339999999999, 0.04418346666666667, 0.038675799999999996, 0.03753793333333333, 0.0383103, 0.034363700000000004, 0.025336366666666662, 0.04170679999999999, 0.0335036, 0.02255986666666667, 0.021852566666666663, 0.04254906666666667, 0.03471026666666666, 0.03283133333333334, 0.028823933333333333, 0.019735199999999998, 0.029793333333333335, 0.02959660000000001, 0.024037166666666665, 0.04017963333333335, 0.03282363333333333, 0.029273233333333325, 0.15524283333333336, 0.0, 0.11834863333333336, 0.0631202, 0.03557566666666667, 0.0251609, 0.031313766666666666, 0.02549936666666667, 0.044017266666666666, 0.047190333333333334, 0.025008833333333338, 0.028229933333333332], [0.03931123333333333, 0.040869466666666666, 0.0366835, 0.05612823333333333, 0.043554033333333325, 0