[[0.0, 0.050509266666666656, 0.0316077, 0.0395053, 0.042086900000000003, 0.0342905, 0.0379471, 0.03544119999999999, 0.04267633333333336, 0.0160807, 0.044858800000000004, 0.03247903333333333, 0.032994633333333336, 0.03646686666666667, 0.038806066666666666, 0.03142673333333334, 0.032984266666666665, 0.024443333333333334, 0.03713346666666667, 0.043065066666666665, 0.03451493333333333, 0.03312250000000001, 0.02885463333333333, 0.04810076666666667, 0.024684033333333334, 0.05513529999999999, 0.03675273333333334, 0.026181466666666663, 0.042250100000000006, 0.027733100000000007, 0.05600493333333334, 0.04140340000000001, 0.02467683333333333, 0.0316057, 0.014003999999999999, 0.041304, 0.026514933333333334, 0.03730736666666666, 0.028041533333333334, 0.034562699999999995, 0.028125133333333337, 0.03625656666666666, 0.042219099999999996, 0.042058666666666675, 0.0378293, 0.027990733333333337, 0.04621786666666666, 0.0373131, 0.03246086666666667, 0.04465073333333333], [0.050509266666666656, 0.0, 0.03236733333333334, 0.03489726666666667, 0.04351853333333333, 0.0186806, 0.035898, 0.03513773333333333, 0.04151856666666667, 0.0439534, 0.03147026666666668, 0.035782699999999994, 0.026519866666666673, 0.04668023333333334, 0.03040233333333333, 0.025333633333333338, 0.0367947, 0.03355340000000001, 0.04221826666666668, 0.03714216666666667, 0.0229744, 0.04314106666666665, 0.034445699999999996, 0.027156399999999994, 0.034891866666666674, 0.024950000000000003, 0.0250755, 0.028815599999999997, 0.03227326666666667, 0.036033699999999995, 0.029632666666666665, 0.0501066, 0.042431966666666675, 0.02738436666666667, 0.03933309999999999, 0.022586566666666672, 0.03328489999999999, 0.047319733333333336, 0.02563463333333333, 0.025401233333333335, 0.027068999999999996, 0.02467143333333333, 0.032503199999999996, 0.0415441, 0.04627146666666668, 0.03956269999999999, 0.03557083333333333, 0.048268266666666663, 0.026650366666666665, 0.0428809], [0.0316077, 0.03236733333333334, 0.0, 0.03152613333333334, 0.023986733333333343, 0.052998133333333336, 0.028478066666666666, 0.05875643333333332, 0.0430708, 0.03190636666666667, 0.019073733333333336, 0.0449666, 0.04428923333333334, 0.0372174, 0.04287946666666667, 0.03490996666666666, 0.04335490000000001, 0.032740533333333335, 0.03873113333333334, 0.06344340000000001, 0.05554613333333333, 0.039938799999999997, 0.037668433333333334, 0.044827133333333324, 0.0240522, 0.03356433333333335, 0.04427330000000001, 0.045275700000000016, 0.023897933333333336, 0.052798566666666664, 0.03741353333333333, 0.04903963333333333, 0.04503343333333333, 0.03801766666666668, 0.04399776666666668, 0.038231299999999996, 0.044925000000000014, 0.02026323333333334, 0.03555366666666668, 0.03024236666666667, 0.033232833333333336, 0.04268593333333332, 0.027017966666666667, 0.03755136666666666, 0.037779599999999997, 0.024089466666666667, 0.04593803333333335, 0.0330555, 0.05517773333333334, 0.04906693333333333], [0.0395053, 0.03489726666666667, 0.03152613333333334, 0.0, 0.021349366666666664, 0.038596200000000004, 0.05409749999999999, 0.03702336666666667, 0.021955300000000004, 0.03362246666666667, 0.030650066666666666, 0.033257499999999995, 0.0363837, 0.0471277, 0.046170466666666674, 0.036805833333333336, 0.0331339, 0.038947800000000005, 0.03514536666666666, 0.027335, 0.04237406666666667, 0.03349666666666666, 0.0264911, 0.032345533333333336, 0.05170863333333334, 0.037421333333333334, 0.039352099999999994, 0.0200445, 0.04123486666666666, 0.0209595, 0.0492167, 0.036178433333333336, 0.0283893, 0.0288293, 0.02448133333333333, 0.024501099999999998, 0.0375517, 0.025724399999999994, 0.028925700000000002, 0.04758230000000001, 0.0355325, 0.023659299999999998, 0.04053326666666666, 0.040894433333333334, 0.041721933333333336, 0.02078196666666667, 0.04520193333333334, 0.052586066666666674, 0.045091266666666685, 0.030880433333333335], [0.042086900000000003, 0.04351853333333333, 0.023986733333333343, 0.021349366666666664, 0.0, 0.042809466666666664, 0.030518200000000002, 0.027676833333333335, 0.03532116666666665, 0.02531453333333332, 0.03028423333333333, 0.03390576666666667, 0.0220436, 0.0424071, 0.045134633333333334, 0.09072496666666666, 0.05078206666666666, 0.019719266666666662, 0.03617873333333333, 0.05334263333333334, 0.03914203333333333, 0.03253693333333334, 0.03373556666666667, 0.026412766666666667, 0.03806903333333334, 0.05441576666666667, 0.05036343333333334, 0.05064280000000001, 0.0376098, 0.03970199999999999, 0.038371166666666665, 0.020634933333333334, 0.0339808, 0.03376230000000001, 0.030583, 0.04217800000000001, 0.024442333333333326, 0.03678559999999999, 0.04912253333333332, 0.0301657, 0.040629800000000015, 0.03456866666666668, 0.03725266666666668, 0.02254046666666667, 0.02270889999999999, 0.024389933333333332, 0.046001066666666666, 0.043461266666666665, 0.02378043333333333, 0.030010633333333335], [0.0342905, 0.0186806, 0.052998133333333336, 0.038596200000000004, 0.042809466666666664, 0.0, 0.029223200000000005, 0.04396093333333335, 0.03303586666666666, 0.042102, 0.07271456666666666, 0.013604633333333333, 0.03197686666666667, 0.027301200000000005, 0.025453633333333326, 0.03698330000000001, 0.028191533333333324, 0.027616699999999998, 0.051733033333333345, 0.04864866666666666, 0.0349232, 0.0253707, 0.043543899999999996, 0.023138366666666663, 0.029570233333333328, 0.03519443333333334, 0.04003536666666667, 0.017334366666666667, 0.04481616666666667, 0.04237823333333333, 0.03872763333333334, 0.03506003333333333, 0.030039266666666672, 0.04800730000000001, 0.054348733333333336, 0.017859633333333333, 0.027234566666666665, 0.0247823, 0.0360177, 0.042769800000000004, 0.0512998, 0.049145900000000006, 0.038206899999999995, 0.03437026666666667, 0.03577023333333333, 0.04551073333333333, 0.05517626666666666, 0.016525933333333336, 0.03350819999999998, 0.04396526666666667], [0.0379471, 0.035898, 0.028478066666666666, 0.05409749999999999, 0.030518200000000002, 0.029223200000000005, 0.0, 0.04680126666666666, 0.022796799999999996, 0.04627146666666667, 0.026761699999999996, 0.028781433333333335, 0.04339789999999998, 0.04620283333333334, 0.030094799999999998, 0.03270220000000001, 0.03854800000000001, 0.02601753333333334, 0.04825073333333334, 0.0329447, 0.037149900000000007, 0.03649636666666666, 0.03429616666666667, 0.034756533333333346, 0.028350166666666662, 0.04653693333333334, 0.028445533333333328, 0.050101366666666654, 0.03375143333333334, 0.04682346666666667, 0.029635866666666667, 0.03477263333333332, 0.042615333333333325, 0.03999046666666667, 0.027571199999999997, 0.03751503333333333, 0.027821666666666668, 0.023848733333333337, 0.03815276666666667, 0.027897633333333335, 0.0198407, 0.019395566666666666, 0.037051933333333335, 0.05170853333333334, 0.043274866666666675, 0.036635900000000006, 0.027344033333333333, 0.04711256666666666, 0.027685833333333337, 0.037663499999999996], [0.03544119999999999, 0.03513773333333333, 0.05875643333333332, 0.03702336666666667, 0.027676833333333335, 0.04396093333333335, 0.04680126666666666, 0.0, 0.03183439999999999, 0.040994733333333346, 0.031184233333333332, 0.05216090000000001, 0.03782949999999999, 0.052232100000000004, 0.02732563333333333, 0.032687633333333334, 0.039680666666666656, 0.03182713333333334, 0.04208293333333332, 0.042791066666666655, 0.04712483333333333, 0.03724723333333333, 0.044238766666666665, 0.0697723, 0.039418266666666674, 0.030621200000000005, 0.04432296666666666, 0.03031793333333334, 0.05244220000000001, 0.03035663333333333, 0.04349536666666667, 0.04526546666666668, 0.043137933333333316, 0.026852966666666665, 0.024571699999999995, 0.02501056666666666, 0.025902333333333336, 0.030888333333333337, 0.040040999999999986, 0.028642566666666668, 0.030565866666666663, 0.0169117, 0.0336141, 0.04704156666666665, 0.042621733333333335, 0.02617466666666667, 0.0388754, 0.02403936666666667, 0.03493483333333333, 0.029482799999999986], [0.04267633333333336, 0.04151856666666667, 0.0430708, 0.021955300000000004, 0.03532116666666665, 0.03303586666666666, 0.022796799999999996, 0.03183439999999999, 0.0, 0.035235099999999984, 0.04269813333333334, 0.03599200000000001, 0.017415766666666666, 0.02601393333333333, 0.030875000000000003, 0.0330974, 0.03766686666666668, 0.049159400000000006, 0.021033200000000002, 0.03849940000000001, 0.05273036666666666, 0.0319451, 0.040207099999999996, 0.0391761, 0.027344433333333338, 0.029260366666666673, 0.04561963333333333, 0.03782123333333333, 0.04629976666666667, 0.02322573333333333, 0.030549466666666667, 0.0371097, 0.038459066666666666, 0.035135400000000004, 0.042814366666666666, 0.052170600000000004, 0.0302896, 0.023741633333333335, 0.029842366666666665, 0.02952253333333333, 0.0363221, 0.0258373, 0.03644139999999999, 0.044051766666666665, 0.027404133333333327, 0.030972299999999994, 0.031059499999999997, 0.02535346666666667, 0.027628600000000003, 0.0234972], [0.0160807, 0.0439534, 0.03190636666666667, 0.03362246666666667, 0.02531453333333332, 0.042102, 0.04627146666666667, 0.040994733333333346, 0.035235099999999984, 0.0, 0.03100726666666666, 0.02968236666666667, 0.021392066666666664, 0.03895316666666667, 0.03521993333333333, 0.028731866666666665, 0.04210893333333333, 0.030281333333333334, 0.026789466666666668, 0.053879366666666664, 0.04779166666666667, 0.0346119, 0.039631266666666665, 0.018190166666666667, 0.04894066666666667, 0.028181099999999997, 0.039110633333333325, 0.016440266666666672, 0.03141750000000001, 0.02548016666666666, 0.018301566666666668, 0.02996270000000001, 0.029040466666666667, 0.024093433333333334, 0.03269666666666667, 0.04634606666666666, 0.03835856666666667, 0.0247281, 0.046264266666666665, 0.027766366666666664, 0.0341877, 0.03605786666666667, 0.04719523333333332, 0.021447200000000003, 0.031146633333333333, 0.03643866666666666, 0.036597133333333344, 0.03725606666666667, 0.028177299999999995, 0.028719399999999996], [0.044858800000000004, 0.03147026666666668, 0.019073733333333336, 0.030650066666666666, 0.03028423333333333, 0.07271456666666666, 0.026761699999999996, 0.031184233333333332, 0.04269813333333334, 0.03100726666666666, 0.0, 0.029051399999999998, 0.04175810000000001, 0.024551866666666672, 0.022982200000000005, 0.052864600000000005, 0.02771413333333333, 0.018955733333333336, 0.03463370000000001, 0.029915133333333337, 0.03619879999999999, 0.02916206666666667, 0.041286, 0.0370725, 0.0267867, 0.03448473333333333, 0.03809610000000001, 0.03302936666666667, 0.06707783333333335, 0.037893233333333325, 0.037564433333333334, 0.034497966666666664, 0.03225650000000001, 0.04331223333333333, 0.025723399999999997, 0.030957266666666667, 0.041028466666666666, 0.027956466666666673, 0.03235863333333333, 0.02467196666666667, 0.040430333333333325, 0.0216525, 0.054134299999999996, 0.040408666666666676, 0.050678966666666665, 0.0269426, 0.04751576666666668, 0.023628599999999996, 0.05891456666666667, 0.054165333333333336], [0.03247903333333333, 0.035782699999999994, 0.0449666, 0.033257499999999995, 0.03390576666666667, 0.013604633333333333, 0.028781433333333335, 0.05216090000000001, 0.03599200000000001, 0.02968236666666667, 0.029051399999999998, 0.0, 0.03363566666666667, 0.022806433333333334, 0.0536746, 0.024965400000000002, 0.02221693333333333, 0.031177000000000007, 0.04205640000000001, 0.03947973333333334, 0.05863436666666666, 0.05135323333333333, 0.036823166666666664, 0.041461966666666655, 0.03299646666666666, 0.04112086666666667, 0.03361250000000001, 0.03201246666666666, 0.0368344, 0.050344599999999996, 0.04055473333333333, 0.03708116666666667, 0.03492746666666667, 0.0347231, 0.043450166666666665, 0.030831366666666662, 0.03805556666666666, 0.03541083333333334, 0.040253799999999985, 0.05255903333333333, 0.03927463333333334, 0.03815383333333334, 0.03499513333333334, 0.030853533333333325, 0.023450433333333336, 0.040415200000000005, 0.04342223333333336, 0.024744066666666658, 0.0422642, 0.0373401], [0.032994633333333336, 0.026519866666666673, 0.04428923333333334, 0.0363837, 0.0220436, 0.03197686666666667, 0.04339789999999998, 0.03782949999999999, 0.017415766666666666, 0.021392066666666664, 0.04175810000000001, 0.03363566666666667, 0.0, 0.0410399, 0.031593466666666674, 0.019230766666666663, 0.03552283333333334, 0.036608833333333334, 0.02490353333333334, 0.03321653333333333, 0.04110090000000001, 0.03237853333333333, 0.03248656666666667, 0.054233, 0.04320949999999999, 0.028382766666666667, 0.04700066666666665, 0.03221020000000001, 0.04013973333333334, 0.02961046666666667, 0.03861296666666667, 0.030745299999999996, 0.02488513333333333, 0.04138016666666666, 0.03824126666666666, 0.041309666666666675, 0.0244132, 0.02292476666666667, 0.040051666666666666, 0.025038199999999997, 0.023562366666666668, 0.04400846666666667, 0.030653533333333333, 0.025528133333333328, 0.03718916666666666, 0.0280099, 0.034756999999999996, 0.03372993333333334, 0.0240466, 0.0260361], [0.03646686666666667, 0.04668023333333334, 0.0372174, 0.0471277, 0.0424071, 0.027301200000000005, 0.04620283333333334, 0.052232100000000004, 0.02601393333333333, 0.03895316666666667, 0.024551866666666672, 0.022806433333333334, 0.0410399, 0.0, 0.07018186666666668, 0.02963056666666667, 0.03484266666666667, 0.033635533333333335, 0.035315366666666674, 0.03619113333333333, 0.036387, 0.027518333333333332, 0.0385849, 0.02395833333333333, 0.02734716666666667, 0.030197666666666664, 0.028212299999999996, 0.05540620000000001, 0.042274933333333334, 0.028403400000000006, 0.04401513333333333, 0.031864899999999995, 0.016858533333333335, 0.03552110000000001, 0.0340794, 0.05545383333333334, 0.02465326666666667, 0.03837796666666665, 0.0314688, 0.05062120000000001, 0.0323628, 0.035732933333333335, 0.025430833333333326, 0.03436433333333332, 0.028184533333333338, 0.032005900000000004, 0.04275070000000001, 0.02963203333333333, 0.043182799999999986, 0.03781003333333333], [0.038806066666666666, 0.03040233333333333, 0.04287946666666667, 0.046170466666666674, 0.045134633333333334, 0.025453633333333326, 0.030094799999999998, 0.02732563333333333, 0.030875000000000003, 0.03521993333333333, 0.022982200000000005, 0.0536746, 0.031593466666666674, 0.07018186666666668, 0.0, 0.040736466666666665, 0.034311666666666664, 0.042944833333333335, 0.032831733333333335, 0.05486639999999999, 0.0513345, 0.038161766666666666, 0.024229199999999996, 0.025023200000000006, 0.040326999999999995, 0.027745833333333338, 0.02786603333333333, 0.02896886666666667, 0.045949133333333315, 0.05546883333333333, 0.02668936666666667, 0.0196513, 0.034897, 0.037907533333333326, 0.043497566666666675, 0.04982200000000001, 0.02582253333333333, 0.0198996, 0.04829413333333333, 0.04825476666666667, 0.043917300000000006, 0.03793603333333332, 0.03376026666666667, 0.032544766666666655, 0.03827780000000001, 0.038281199999999994, 0.03126746666666667, 0.024207466666666663, 0.033545733333333334, 0.030090066666666672], [0.03142673333333334, 0.025333633333333338, 0.03490996666666666, 0.036805833333333336, 0.09072496666666666, 0.03698330000000001, 0.03270220000000001, 0.032687633333333334, 0.0330974, 0.028731866666666665, 0.052864600000000005, 0.024965400000000002, 0.019230766666666663, 0.02963056666666667, 0.040736466666666665, 0.0, 0.050457, 0.024531133333333337, 0.034507399999999994, 0.024614866666666672, 0.03621219999999999, 0.02882226666666667, 0.0362643, 0.03655773333333334, 0.03549553333333333, 0.03247813333333333, 0.019967066666666665, 0.041476700000000005, 0.033373333333333324, 0.03206373333333334, 0.04149163333333333, 0.024413266666666666, 0.0338959, 0.03446256666666667, 0.038980833333333326, 0.05281236666666667, 0.03203596666666668, 0.0358606, 0.03915630000000001, 0.03353676666666666, 0.0331531, 0.022938899999999998, 0.045713000000000004, 0.0222386, 0.02580713333333333, 0.027071933333333333, 0.0456719, 0.03824626666666667, 0.03200943333333333, 0.0296622], [0.032984266666666665, 0.0367947, 0.04335490000000001, 0.0331339, 0.05078206666666666, 0.028191533333333324, 0.03854800000000001, 0.039680666666666656, 0.03766686666666668, 0.04210893333333333, 0.02771413333333333, 0.02221693333333333, 0.03552283333333334, 0.03484266666666667, 0.034311666666666664, 0.050457, 0.0, 0.04516006666666668, 0.033930199999999994, 0.03353219999999999, 0.024356833333333335, 0.01822166666666667, 0.03840796666666666, 0.038030566666666675, 0.034954833333333324, 0.03496023333333333, 0.03403129999999998, 0.03997503333333334, 0.04248086666666666, 0.028235566666666663, 0.04000629999999999, 0.04089150000000001, 0.04307709999999999, 0.061065900000000006, 0.03352589999999999, 0.039520833333333324, 0.03014083333333333, 0.024271733333333337, 0.025060566666666666, 0.032941566666666665, 0.033133133333333335, 0.018794566666666665, 0.03398106666666666, 0.0337121, 0.024813433333333336, 0.028525900000000003, 0.03168466666666667, 0.0598167, 0.021659766666666663, 0.041152999999999995], [0.024443333333333334, 0.03355340000000001, 0.032740533333333335, 0.038947800000000005, 0.019719266666666662, 0.027616699999999998, 0.02601753333333334, 0.03182713333333334, 0.049159400000000006, 0.030281333333333334, 0.018955733333333336, 0.031177000000000007, 0.036608833333333334, 0.033635533333333335, 0.042944833333333335, 0.024531133333333337, 0.04516006666666668, 0.0, 0.03943513333333333, 0.024133833333333337, 0.04062853333333334, 0.024966200000000004, 0.024278533333333335, 0.05509516666666665, 0.030544166666666667, 0.03891830000000001, 0.032680733333333344, 0.03755833333333333, 0.0301484, 0.03237723333333334, 0.032039399999999996, 0.05446613333333333, 0.040838000000000006, 0.054179533333333335, 0.030299666666666655, 0.0249822, 0.0476785, 0.030435166666666673, 0.022791566666666666, 0.02798126666666667, 0.0462154, 0.04391883333333333, 0.025235233333333332, 0.036796533333333326, 0.036046466666666666, 0.02471123333333334, 0.032078199999999994, 0.03758283333333333, 0.02177456666666667, 0.04444373333333333], [0.03713346666666667, 0.04221826666666668, 0.03873113333333334, 0.03514536666666666, 0.03617873333333333, 0.051733033333333345, 0.04825073333333334, 0.04208293333333332, 0.021033200000000002, 0.026789466666666668, 0.03463370000000001, 0.04205640000000001, 0.02490353333333334, 0.035315366666666674, 0.032831733333333335, 0.034507399999999994, 0.033930199999999994, 0.03943513333333333, 0.0, 0.01653306666666667, 0.0291278, 0.027237066666666664, 0.026157866666666668, 0.04681853333333333, 0.025190599999999994, 0.029075566666666663, 0.03404856666666667, 0.052132399999999995, 0.0745158, 0.0387274, 0.025690666666666667, 0.031095766666666663, 0.03500116666666667, 0.029568733333333333, 0.03597733333333333, 0.04219563333333333, 0.019072133333333338, 0.01959233333333334, 0.03603003333333333, 0.0390971, 0.034286666666666674, 0.06741023333333336, 0.05506236666666667, 0.039503766666666676, 0.045448300000000004, 0.0332806, 0.025819966666666673, 0.03324546666666666, 0.033340400000000006, 0.026243766666666668], [0.043065066666666665, 0.03714216666666667, 0.06344340000000001, 0.027335, 0.05334263333333334, 0.04864866666666666, 0.0329447, 0.042791066666666655, 0.03849940000000001, 0.053879366666666664, 0.029915133333333337, 0.03947973333333334, 0.03321653333333333, 0.03619113333333333, 0.05486639999999999, 0.024614866666666672, 0.03353219999999999, 0.024133833333333337, 0.01653306666666667, 0.0, 0.038314799999999996, 0.0841451, 0.047345166666666674, 0.05354309999999999, 0.03853996666666667, 0.036632233333333326, 0.03706403333333333, 0.02674926666666666, 0.03830930000000001, 0.03308546666666667, 0.03642016666666667, 0.04957596666666667, 0.02759496666666667, 0.04083196666666668, 0.029733133333333342, 0.02960256666666667, 0.028269066666666665, 0.05419080000000002, 0.03267166666666667, 0.03567013333333333, 0.07561763333333335, 0.04492756666666667, 0.0209954, 0.029533999999999994, 0.027112699999999997, 0.04245396666666666, 0.03394276666666666, 0.0283099, 0.0274141, 0.0356564], [0.03451493333333333, 0.0229744, 0.05554613333333333, 0.04237406666666667, 0.03914203333333333, 0.0349232, 0.037149900000000007, 0.04712483333333333, 0.05273036666666666, 0.04779166666666667, 0.03619879999999999, 0.05863436666666666, 0.04110090000000001, 0.036387, 0.0513345, 0.03621219999999999, 0.024356833333333335, 0.04062853333333334, 0.0291278, 0.038314799999999996, 0.0, 0.02337606666666667, 0.05681263333333333, 0.03411676666666666, 0.03027556666666667, 0.031115433333333335, 0.03277286666666667, 0.05588486666666667, 0.06040686666666668, 0.03970893333333333, 0.03644769999999999, 0.05013426666666666, 0.03463946666666667, 0.04767, 0.05068790000000001, 0.04384460000000001, 0.03769193333333333, 0.043709866666666666, 0.04270806666666666, 0.03816969999999999, 0.05168600000000001, 0.028679066666666666, 0.02554826666666667, 0.0325797, 0.03042826666666667, 0.0387752, 0.05808783333333334, 0.03798083333333333, 0.04296693333333334, 0.04066903333333334], [0.03312250000000001, 0.04314106666666665, 0.039938799999999997, 0.03349666666666666, 0.03253693333333334, 0.0253707, 0.03649636666666666, 0.03724723333333333, 0.0319451, 0.0346119, 0.02916206666666667, 0.05135323333333333, 0.03237853333333333, 0.027518333333333332, 0.038161766666666666, 0.02882226666666667, 0.01822166666666667, 0.024966200000000004, 0.027237066666666664, 0.0841451, 0.02337606666666667, 0.0, 0.041096433333333335, 0.04882586666666667, 0.04092196666666667, 0.0352982, 0.04749733333333332, 0.026209733333333332, 0.02547546666666667, 0.030180099999999994, 0.0376576, 0.04160756666666666, 0.046299033333333336, 0.026486233333333335, 0.0379237, 0.021518966666666667, 0.044942899999999994, 0.033320633333333335, 0.042539766666666666, 0.02910926666666666, 0.0278296, 0.025557566666666663, 0.03666356666666666, 0.03197383333333333, 0.0426267, 0.02775903333333334, 0.04817096666666666, 0.029343066666666664, 0.031934399999999995, 0.04077263333333333], [0.02885463333333333, 0.034445699999999996, 0.037668433333333334, 0.0264911, 0.03373556666666667, 0.043543899999999996, 0.03429616666666667, 0.044238766666666665, 0.040207099999999996, 0.039631266666666665, 0.041286, 0.036823166666666664, 0.03248656666666667, 0.0385849, 0.024229199999999996, 0.0362643, 0.03840796666666666, 0.024278533333333335, 0.026157866666666668, 0.047345166666666674, 0.05681263333333333, 0.041096433333333335, 0.0, 0.022067200000000002, 0.041453233333333325, 0.029126266666666668, 0.027344433333333324, 0.04937290000000001, 0.027117833333333334, 0.057846899999999986, 0.03083216666666666, 0.034549533333333333, 0.03595803333333333, 0.033193933333333335, 0.0369505, 0.047593199999999995, 0.04156363333333333, 0.051542099999999993, 0.033114333333333336, 0.045700966666666655, 0.05515916666666667, 0.03561489999999999, 0.033358566666666666, 0.029927333333333327, 0.025947766666666667, 0.026465399999999997, 0.024860966666666665, 0.040357866666666666, 0.04058836666666667, 0.038626700000000014], [0.04810076666666667, 0.027156399999999994, 0.044827133333333324, 0.032345533333333336, 0.026412766666666667, 0.023138366666666663, 0.034756533333333346, 0.0697723, 0.0391761, 0.018190166666666667, 0.0370725, 0.041461966666666655, 0.054233, 0.02395833333333333, 0.025023200000000006, 0.03655773333333334, 0.038030566666666675, 0.05509516666666665, 0.04681853333333333, 0.05354309999999999, 0.03411676666666666, 0.04882586666666667, 0.022067200000000002, 0.0, 0.03467483333333333, 0.0220335, 0.035087933333333335, 0.017632066666666668, 0.03074626666666667, 0.04035083333333334, 0.04102646666666668, 0.03858723333333334, 0.0382397, 0.026909066666666672, 0.030148799999999996, 0.037899933333333344, 0.0320508, 0.029351300000000004, 0.03642993333333334, 0.025683566666666668, 0.0320366, 0.0324158, 0.027201066666666666, 0.04440360000000001, 0.04841873333333334, 0.027355666666666664, 0.03140370000000001, 0.03526346666666667, 0.039474966666666673, 0.03779120000000001], [0.024684033333333334, 0.034891866666666674, 0.0240522, 0.05170863333333334, 0.03806903333333334, 0.029570233333333328, 0.028350166666666662, 0.039418266666666674, 0.027344433333333338, 0.04894066666666667, 0.0267867, 0.03299646666666666, 0.04320949999999999, 0.02734716666666667, 0.040326999999999995, 0.03549553333333333, 0.034954833333333324, 0.030544166666666667, 0.025190599999999994, 0.03853996666666667, 0.03027556666666667, 0.04092196666666667, 0.041453233333333325, 0.03467483333333333, 0.0, 0.02039296666666667, 0.0356665, 0.028084100000000008, 0.04320696666666665, 0.03969803333333333, 0.02099403333333334, 0.04632439999999999, 0.03996366666666666, 0.054217933333333336, 0.03645310000000001, 0.031247866666666662, 0.03454086666666668, 0.039016699999999994, 0.04838979999999999, 0.029638233333333333, 0.04727026666666667, 0.041894900000000006, 0.04052073333333333, 0.025014900000000003, 0.024813833333333337, 0.03866043333333334, 0.04647009999999999, 0.035781333333333325, 0.03602563333333333, 0.04627196666666668], [0.05513529999999999, 0.024950000000000003, 0.03356433333333335, 0.037421333333333334, 0.05441576666666667, 0.03519443333333334, 0.04653693333333334, 0.030621200000000005, 0.029260366666666673, 0.028181099999999997, 0.03448473333333333, 0.04112086666666667, 0.028382766666666667, 0.030197666666666664, 0.027745833333333338, 0.03247813333333333, 0.03496023333333333, 0.03891830000000001, 0.029075566666666663, 0.036632233333333326, 0.031115433333333335, 0.0352982, 0.029126266666666668, 0.0220335, 0.02039296666666667, 0.0, 0.03326336666666667, 0.04737853333333334, 0.02730473333333333, 0.029162699999999993, 0.027136933333333335, 0.023157999999999995, 0.050716500000000005, 0.016642933333333335, 0.03329576666666666, 0.05057230000000001, 0.03325776666666666, 0.03921486666666667, 0.02208806666666667, 0.0434618, 0.036677466666666665, 0.0318343, 0.029275233333333324, 0.03778643333333334, 0.05660369999999999, 0.044410766666666664, 0.0226856, 0.04248240000000001, 0.0402196, 0.040471], [0.03675273333333334, 0.0250755, 0.04427330000000001, 0.039352099999999994, 0.05036343333333334, 0.04003536666666667, 0.028445533333333328, 0.04432296666666666, 0.04561963333333333, 0.039110633333333325, 0.03809610000000001, 0.03361250000000001, 0.04700066666666665, 0.028212299999999996, 0.02786603333333333, 0.019967066666666665, 0.03403129999999998, 0.032680733333333344, 0.03404856666666667, 0.03706403333333333, 0.03277286666666667, 0.04749733333333332, 0.027344433333333324, 0.035087933333333335, 0.0356665, 0.03326336666666667, 0.0, 0.04704599999999999, 0.044631899999999995, 0.021089633333333333, 0.031703199999999994, 0.028966533333333332, 0.04837593333333333, 0.030412900000000003, 0.025650666666666662, 0.023952266666666666, 0.0595735, 0.02639013333333333, 0.027430299999999998, 0.034749633333333335, 0.032424666666666664, 0.05474573333333334, 0.0278284, 0.025742966666666665, 0.04462956666666667, 0.031115466666666664, 0.030995566666666658, 0.05600223333333332, 0.031693066666666665, 0.0395264], [0.026181466666666663, 0.028815599999999997, 0.045275700000000016, 0.0200445, 0.05064280000000001, 0.017334366666666667, 0.050101366666666654, 0.03031793333333334, 0.03782123333333333, 0.016440266666666672, 0.03302936666666667, 0.03201246666666666, 0.03221020000000001, 0.05540620000000001, 0.02896886666666667, 0.041476700000000005, 0.03997503333333334, 0.03755833333333333, 0.052132399999999995, 0.02674926666666666, 0.05588486666666667, 0.026209733333333332, 0.04937290000000001, 0.017632066666666668, 0.028084100000000008, 0.04737853333333334, 0.04704599999999999, 0.0, 0.022490966666666667, 0.03459063333333332, 0.05054583333333334, 0.0288684, 0.0528512, 0.05261616666666668, 0.06111546666666667, 0.032883366666666664, 0.020819266666666666, 0.04616740000000002, 0.03110306666666667, 0.04112693333333334, 0.047208066666666666, 0.04618133333333333, 0.02703963333333333, 0.02513156666666666, 0.03425103333333333, 0.034848699999999996, 0.042417, 0.03247936666666666, 0.04103806666666667, 0.020044533333333333], [0.042250100000000006, 0.03227326666666667, 0.023897933333333336, 0.04123486666666666, 0.0376098, 0.04481616666666667, 0.03375143333333334, 0.05244220000000001, 0.04629976666666667, 0.03141750000000001, 0.06707783333333335, 0.0368344, 0.04013973333333334, 0.042274933333333334, 0.045949133333333315, 0.033373333333333324, 0.04248086666666666, 0.0301484, 0.0745158, 0.03830930000000001, 0.06040686666666668, 0.02547546666666667, 0.027117833333333334, 0.03074626666666667, 0.04320696666666665, 0.02730473333333333, 0.044631899999999995, 0.022490966666666667, 0.0, 0.029699566666666666, 0.02067556666666667, 0.029399099999999997, 0.0561217, 0.03555353333333333, 0.023614899999999998, 0.042206533333333345, 0.04024353333333334, 0.044518166666666664, 0.033953833333333336, 0.048350833333333336, 0.05123013333333332, 0.0223233, 0.048180133333333326, 0.04599476666666667, 0.0349329, 0.03374703333333333, 0.03750853333333332, 0.028229800000000003, 0.031314366666666676, 0.041244766666666675], [0.027733100000000007, 0.036033699999999995, 0.052798566666666664, 0.0209595, 0.03970199999999999, 0.04237823333333333, 0.04682346666666667, 0.03035663333333333, 0.02322573333333333, 0.02548016666666666, 0.037893233333333325, 0.050344599999999996, 0.02961046666666667, 0.028403400000000006, 0.05546883333333333, 0.03206373333333334, 0.028235566666666663, 0.03237723333333334, 0.0387274, 0.03308546666666667, 0.03970893333333333, 0.030180099999999994, 0.057846899999999986, 0.04035083333333334, 0.03969803333333333, 0.029162699999999993, 0.021089633333333333, 0.03459063333333332, 0.029699566666666666, 0.0, 0.037503133333333334, 0.02160766666666667, 0.015630666666666668, 0.034096666666666664, 0.03156336666666666, 0.03513053333333334, 0.04677809999999998, 0.05137189999999999, 0.0525786, 0.03446793333333333, 0.0332253, 0.04406749999999999, 0.02873823333333334, 0.0434716, 0.054644000000000005, 0.04444363333333334, 0.038566699999999995, 0.03989016666666666, 0.03448406666666666, 0.0366764], [0.05600493333333334, 0.029632666666666665, 0.03741353333333333, 0.0492167, 0.038371166666666665, 0.03872763333333334, 0.029635866666666667, 0.04349536666666667, 0.030549466666666667, 0.018301566666666668, 0.037564433333333334, 0.04055473333333333, 0.03861296666666667, 0.04401513333333333, 0.02668936666666667, 0.04149163333333333, 0.04000629999999999, 0.032039399999999996, 0.025690666666666667, 0.03642016666666667, 0.03644769999999999, 0.0376576, 0.03083216666666666, 0.04102646666666668, 0.02099403333333334, 0.027136933333333335, 0.031703199999999994, 0.05054583333333334, 0.02067556666666667, 0.037503133333333334, 0.0, 0.022976633333333333, 0.02334866666666667, 0.0357303, 0.04456673333333334, 0.030698466666666663, 0.044638333333333335, 0.03767493333333334, 0.021687766666666664, 0.03522883333333332, 0.033219599999999995, 0.03277233333333334, 0.040888233333333336, 0.03118906666666667, 0.036693333333333335, 0.052301833333333325, 0.0479869, 0.03573420000000001, 0.026007366666666663, 0.023409800000000005], [0.04140340000000001, 0.0501066, 0.04903963333333333, 0.036178433333333336, 0.020634933333333334, 0.03506003333333333, 0.03477263333333332, 0.04526546666666668, 0.0371097, 0.02996270000000001, 0.034497966666666664, 0.03708116666666667, 0.030745299999999996, 0.031864899999999995, 0.0196513, 0.024413266666666666, 0.04089150000000001, 0.05446613333333333, 0.031095766666666663, 0.04957596666666667, 0.05013426666666666, 0.04160756666666666, 0.034549533333333333, 0.03858723333333334, 0.04632439999999999, 0.023157999999999995, 0.028966533333333332, 0.0288684, 0.029399099999999997, 0.02160766666666667, 0.022976633333333333, 0.0, 0.039474033333333346, 0.045258666666666655, 0.035153166666666666, 0.038237933333333335, 0.021572133333333333, 0.03677380000000001, 0.03215230000000001, 0.03653053333333334, 0.04598373333333333, 0.04546529999999998, 0.032132666666666664, 0.028124100000000003, 0.021196633333333343, 0.030141133333333334, 0.04333243333333334, 0.0467565, 0.014252666666666665, 0.025857500000000005], [0.02467683333333333, 0.042431966666666675, 0.04503343333333333, 0.0283893, 0.0339808, 0.030039266666666672, 0.042615333333333325, 0.043137933333333316, 0.038459066666666666, 0.029040466666666667, 0.03225650000000001, 0.03492746666666667, 0.02488513333333333, 0.016858533333333335, 0.034897, 0.0338959, 0.04307709999999999, 0.040838000000000006, 0.03500116666666667, 0.02759496666666667, 0.03463946666666667, 0.046299033333333336, 0.03595803333333333, 0.0382397, 0.03996366666666666, 0.050716500000000005, 0.04837593333333333, 0.0528512, 0.0561217, 0.015630666666666668, 0.02334866666666667, 0.039474033333333346, 0.0, 0.03883233333333333, 0.031814100000000005, 0.05311146666666667, 0.04535833333333333, 0.032265699999999994, 0.043552233333333336, 0.02276533333333333, 0.040457633333333326, 0.03399969999999999, 0.026572433333333333, 0.045876600000000003, 0.05506893333333334, 0.06237133333333334, 0.03349079999999999, 0.02993816666666666, 0.0276847, 0.05237109999999999], [0.0316057, 0.02738436666666667, 0.03801766666666668, 0.0288293, 0.03376230000000001, 0.04800730000000001, 0.03999046666666667, 0.026852966666666665, 0.035135400000000004, 0.024093433333333334, 0.04331223333333333, 0.0347231, 0.04138016666666666, 0.03552110000000001, 0.037907533333333326, 0.03446256666666667, 0.061065900000000006, 0.054179533333333335, 0.029568733333333333, 0.04083196666666668, 0.04767, 0.026486233333333335, 0.033193933333333335, 0.026909066666666672, 0.054217933333333336, 0.016642933333333335, 0.030412900000000003, 0.05261616666666668, 0.03555353333333333, 0.034096666666666664, 0.0357303, 0.045258666666666655, 0.03883233333333333, 0.0, 0.029530966666666665, 0.04386126666666666, 0.028638299999999995, 0.05522269999999999, 0.0345178, 0.022498333333333335, 0.04290926666666666, 0.041615433333333327, 0.03228373333333334, 0.03651156666666667, 0.03146823333333334, 0.03979973333333333, 0.03933776666666667, 0.024495233333333335, 0.0343995, 0.027721866666666664], [0.014003999999999999, 0.03933309999999999, 0.04399776666666668, 0.02448133333333333, 0.030583, 0.054348733333333336, 0.027571199999999997, 0.024571699999999995, 0.042814366666666666, 0.03269666666666667, 0.025723399999999997, 0.043450166666666665, 0.03824126666666666, 0.0340794, 0.043497566666666675, 0.038980833333333326, 0.03352589999999999, 0.030299666666666655, 0.03597733333333333, 0.029733133333333342, 0.05068790000000001, 0.0379237, 0.0369505, 0.030148799999999996, 0.03645310000000001, 0.03329576666666666, 0.025650666666666662, 0.06111546666666667, 0.023614899999999998, 0.03156336666666666, 0.04456673333333334, 0.035153166666666666, 0.031814100000000005, 0.029530966666666665, 0.0, 0.03092653333333333, 0.0236071, 0.0462558, 0.03480436666666667, 0.033168333333333334, 0.04041446666666667, 0.03223396666666667, 0.032792966666666666, 0.03253006666666667, 0.026219199999999998, 0.036458666666666674, 0.03513123333333334, 0.032329666666666666, 0.03633856666666666, 0.03562523333333333], [0.041304, 0.022586566666666672, 0.038231299999999996, 0.024501099999999998, 0.04217800000000001, 0.017859633333333333, 0.03751503333333333, 0.02501056666666666, 0.052170600000000004, 0.04634606666666666, 0.030957266666666667, 0.030831366666666662, 0.041309666666666675, 0.05545383333333334, 0.04982200000000001, 0.05281236666666667, 0.039520833333333324, 0.0249822, 0.04219563333333333, 0.02960256666666667, 0.04384460000000001, 0.021518966666666667, 0.047593199999999995, 0.037899933333333344, 0.031247866666666662, 0.05057230000000001, 0.023952266666666666, 0.032883366666666664, 0.042206533333333345, 0.03513053333333334, 0.030698466666666663, 0.038237933333333335, 0.05311146666666667, 0.04386126666666666, 0.03092653333333333, 0.0, 0.02699453333333333, 0.027669799999999998, 0.036660000000000005, 0.03749229999999999, 0.056642533333333335, 0.03215566666666667, 0.0272993, 0.024967599999999993, 0.03441406666666667, 0.03631593333333333, 0.04040356666666666, 0.03414056666666667, 0.025235133333333333, 0.03177203333333334], [0.026514933333333334, 0.03328489999999999, 0.044925000000000014, 0.0375517, 0.024442333333333326, 0.027234566666666665, 0.027821666666666668, 0.025902333333333336, 0.0302896, 0.03835856666666667, 0.041028466666666666, 0.03805556666666666, 0.0244132, 0.02465326666666667, 0.02582253333333333, 0.03203596666666668, 0.03014083333333333, 0.0476785, 0.019072133333333338, 0.028269066666666665, 0.03769193333333333, 0.044942899999999994, 0.04156363333333333, 0.0320508, 0.03454086666666668, 0.03325776666666666, 0.0595735, 0.020819266666666666, 0.04024353333333334, 0.04677809999999998, 0.044638333333333335, 0.021572133333333333, 0.04535833333333333, 0.028638299999999995, 0.0236071, 0.02699453333333333, 0.0, 0.025791633333333334, 0.023987966666666655, 0.05729349999999998, 0.024726433333333336, 0.039785033333333324, 0.04244566666666666, 0.02199853333333333, 0.04689923333333333, 0.02419163333333333, 0.023783266666666664, 0.030121933333333323, 0.04049796666666668, 0.05062529999999999], [0.03730736666666666, 0.047319733333333336, 0.02026323333333334, 0.025724399999999994, 0.03678559999999999, 0.0247823, 0.023848733333333337, 0.030888333333333337, 0.023741633333333335, 0.0247281, 0.027956466666666673, 0.03541083333333334, 0.02292476666666667, 0.03837796666666665, 0.0198996, 0.0358606, 0.024271733333333337, 0.030435166666666673, 0.01959233333333334, 0.05419080000000002, 0.043709866666666666, 0.033320633333333335, 0.051542099999999993, 0.029351300000000004, 0.039016699999999994, 0.03921486666666667, 0.02639013333333333, 0.04616740000000002, 0.044518166666666664, 0.05137189999999999, 0.03767493333333334, 0.03677380000000001, 0.032265699999999994, 0.05522269999999999, 0.0462558, 0.027669799999999998, 0.025791633333333334, 0.0, 0.02745706666666666, 0.024054533333333333, 0.028841333333333333, 0.0261095, 0.04361666666666666, 0.026854633333333332, 0.02574113333333334, 0.04838409999999999, 0.026028366666666674, 0.04240493333333334, 0.0365474, 0.03176256666666666], [0.028041533333333334, 0.02563463333333333, 0.03555366666666668, 0.028925700000000002, 0.04912253333333332, 0.0360177, 0.03815276666666667, 0.040040999999999986, 0.029842366666666665, 0.046264266666666665, 0.03235863333333333, 0.040253799999999985, 0.040051666666666666, 0.0314688, 0.04829413333333333, 0.03915630000000001, 0.025060566666666666, 0.022791566666666666, 0.03603003333333333, 0.03267166666666667, 0.04270806666666666, 0.042539766666666666, 0.033114333333333336, 0.03642993333333334, 0.04838979999999999, 0.02208806666666667, 0.027430299999999998, 0.03110306666666667, 0.033953833333333336, 0.0525786, 0.021687766666666664, 0.03215230000000001, 0.043552233333333336, 0.0345178, 0.03480436666666667, 0.036660000000000005, 0.023987966666666655, 0.02745706666666666, 0.0, 0.0247778, 0.05242, 0.027407833333333333, 0.024526733333333335, 0.0346158, 0.035177066666666666, 0.028940833333333336, 0.03338746666666667, 0.03536196666666666, 0.02469356666666667, 0.04067223333333333], [0.034562699999999995, 0.025401233333333335, 0.03024236666666667, 0.04758230000000001, 0.0301657, 0.042769800000000004, 0.027897633333333335, 0.028642566666666668, 0.02952253333333333, 0.027766366666666664, 0.02467196666666667, 0.05255903333333333, 0.025038199999999997, 0.05062120000000001, 0.04825476666666667, 0.03353676666666666, 0.032941566666666665, 0.02798126666666667, 0.0390971, 0.03567013333333333, 0.03816969999999999, 0.02910926666666666, 0.045700966666666655, 0.025683566666666668, 0.029638233333333333, 0.0434618, 0.034749633333333335, 0.04112693333333334, 0.048350833333333336, 0.03446793333333333, 0.03522883333333332, 0.03653053333333334, 0.02276533333333333, 0.022498333333333335, 0.033168333333333334, 0.03749229999999999, 0.05729349999999998, 0.024054533333333333, 0.0247778, 0.0, 0.03972373333333332, 0.03599823333333334, 0.036851833333333334, 0.028611666666666667, 0.04198866666666666, 0.024592433333333334, 0.038660299999999995, 0.04161533333333333, 0.0364542, 0.032421566666666665], [0.028125133333333337, 0.027068999999999996, 0.033232833333333336, 0.0355325, 0.040629800000000015, 0.0512998, 0.0198407, 0.030565866666666663, 0.0363221, 0.0341877, 0.040430333333333325, 0.03927463333333334, 0.023562366666666668, 0.0323628, 0.043917300000000006, 0.0331531, 0.033133133333333335, 0.0462154, 0.034286666666666674, 0.07561763333333335, 0.05168600000000