[[0.0, 0.014601666666666667, 0.022375866666666664, 0.021796033333333333, 0.0287791, 0.02680503333333333, 0.007776766666666666, 0.025980600000000003, 0.02110353333333333, 0.026094866666666668, 0.01244476666666667, 0.015952533333333335, 0.011666, 0.030322266666666663, 0.015469299999999998, 0.028396666666666664, 0.023380066666666668, 0.02368703333333333, 0.013929366666666665, 0.023428866666666666, 0.018591999999999997, 0.030063, 0.032488, 0.010821466666666668, 0.011519999999999999, 0.010533966666666667, 0.016669166666666665, 0.012916566666666665, 0.0241493, 0.01699876666666667, 0.016849366666666664, 0.017668466666666664, 0.01968976666666667, 0.020181866666666666, 0.024372433333333332, 0.01795533333333333, 0.026920966666666667, 0.01717816666666666, 0.029959533333333333, 0.025524866666666667, 0.02173843333333333, 0.0139021, 0.015195666666666666, 0.013588733333333335, 0.016538866666666662, 0.025570133333333335, 0.0176666, 0.015867666666666665, 0.014701666666666667, 0.03356643333333334], [0.014601666666666667, 0.0, 0.02008236666666666, 0.026196066666666667, 0.019010600000000002, 0.0158104, 0.014138033333333334, 0.03127626666666667, 0.02584516666666667, 0.022695066666666666, 0.019146233333333335, 0.022276466666666668, 0.0219262, 0.0168703, 0.008931033333333333, 0.016783766666666665, 0.016336633333333333, 0.022167133333333332, 0.028951133333333334, 0.034698700000000006, 0.028897900000000004, 0.03984193333333333, 0.029403333333333337, 0.024080600000000004, 0.011937733333333336, 0.0138981, 0.024232800000000002, 0.008809533333333333, 0.017565, 0.026114666666666668, 0.033796566666666666, 0.025767366666666663, 0.025251700000000005, 0.021675533333333333, 0.0141516, 0.027482633333333333, 0.032677533333333335, 0.02183496666666666, 0.02745766666666667, 0.015758433333333335, 0.021708533333333335, 0.03591396666666667, 0.010316933333333334, 0.011838933333333334, 0.03916066666666667, 0.023734333333333333, 0.015753933333333334, 0.016306333333333336, 0.022681899999999994, 0.021433733333333333], [0.022375866666666664, 0.02008236666666666, 0.0, 0.018426733333333334, 0.023343433333333333, 0.01629123333333334, 0.015680433333333334, 0.030269166666666666, 0.025515566666666663, 0.015547400000000003, 0.025310466666666663, 0.020658133333333335, 0.028441000000000008, 0.025271233333333337, 0.023219900000000005, 0.04198583333333332, 0.016477866666666667, 0.016566166666666667, 0.02137856666666667, 0.02163296666666667, 0.01873196666666667, 0.01782693333333333, 0.023225800000000005, 0.024348266666666663, 0.013651700000000003, 0.023988600000000002, 0.031960166666666665, 0.034210833333333336, 0.022317033333333337, 0.010747333333333334, 0.017128333333333336, 0.024860200000000002, 0.03938403333333334, 0.028556066666666664, 0.028418399999999996, 0.022718699999999998, 0.016203499999999996, 0.050700533333333325, 0.015935933333333333, 0.019720166666666667, 0.0280727, 0.024037333333333334, 0.019994966666666666, 0.01648423333333333, 0.017969233333333334, 0.016409366666666664, 0.008266133333333333, 0.026178466666666667, 0.021155433333333334, 0.0176559], [0.021796033333333333, 0.026196066666666667, 0.018426733333333334, 0.0, 0.0136673, 0.008573800000000001, 0.022741499999999998, 0.02503553333333334, 0.011926266666666668, 0.028306133333333334, 0.02005776666666667, 0.0432231, 0.020208933333333335, 0.011667866666666665, 0.010278633333333332, 0.016623933333333334, 0.0138896, 0.018037933333333336, 0.023721066666666665, 0.0208513, 0.02888686666666667, 0.0201697, 0.023147233333333333, 0.014079833333333333, 0.01902766666666667, 0.03576580000000001, 0.015122633333333333, 0.016805566666666664, 0.021597666666666668, 0.01576236666666667, 0.028204933333333335, 0.023584333333333336, 0.0257391, 0.0240485, 0.0228508, 0.019196366666666666, 0.03532456666666666, 0.018643300000000005, 0.022013000000000005, 0.015870233333333334, 0.024411200000000004, 0.016742, 0.01183693333333333, 0.0210113, 0.023483833333333336, 0.017350066666666667, 0.028054933333333334, 0.017739233333333337, 0.016853933333333335, 0.010497166666666667], [0.0287791, 0.019010600000000002, 0.023343433333333333, 0.0136673, 0.0, 0.021283666666666673, 0.015354966666666667, 0.02217576666666667, 0.030728766666666664, 0.021939800000000002, 0.02575746666666666, 0.017826766666666667, 0.021175866666666664, 0.018797300000000003, 0.024993866666666666, 0.015998800000000004, 0.021982333333333333, 0.02250373333333333, 0.0316902, 0.03608976666666666, 0.02759796666666667, 0.0217102, 0.03294860000000001, 0.0295749, 0.040730800000000005, 0.0170799, 0.0212677, 0.026085766666666666, 0.011753133333333334, 0.0222141, 0.0303678, 0.022239233333333337, 0.031746366666666664, 0.031164699999999997, 0.027297300000000004, 0.022029899999999998, 0.023430033333333333, 0.022988266666666663, 0.015923299999999998, 0.0146294, 0.016727366666666663, 0.030694299999999997, 0.0300405, 0.02384756666666667, 0.023221966666666663, 0.012570833333333333, 0.02742056666666667, 0.028739866666666666, 0.020805466666666664, 0.017522199999999998], [0.02680503333333333, 0.0158104, 0.01629123333333334, 0.008573800000000001, 0.021283666666666673, 0.0, 0.02307526666666667, 0.032772166666666665, 0.023481666666666665, 0.0227521, 0.018799866666666665, 0.02909336666666667, 0.02134333333333334, 0.0333869, 0.03280923333333333, 0.024939933333333338, 0.028755566666666666, 0.017486233333333333, 0.024047366666666667, 0.040936299999999995, 0.0151651, 0.017850933333333336, 0.020790566666666663, 0.03313956666666667, 0.025216666666666672, 0.03006406666666667, 0.024910666666666664, 0.0189841, 0.032597933333333336, 0.037616533333333334, 0.025793833333333335, 0.027437733333333332, 0.03267673333333333, 0.034513966666666666, 0.01675613333333333, 0.029078666666666666, 0.010981633333333334, 0.03207326666666667, 0.014553599999999996, 0.023947933333333334, 0.020673100000000003, 0.03709336666666667, 0.01923483333333333, 0.0193693, 0.024881666666666667, 0.04011566666666667, 0.015026366666666666, 0.016639666666666667, 0.02697566666666667, 0.020154366666666666], [0.007776766666666666, 0.014138033333333334, 0.015680433333333334, 0.022741499999999998, 0.015354966666666667, 0.02307526666666667, 0.0, 0.005289133333333334, 0.014641200000000002, 0.016404833333333334, 0.016716699999999998, 0.02915276666666667, 0.0054067333333333335, 0.0075107666666666675, 0.014080699999999998, 0.018323766666666668, 0.02293836666666667, 0.019353733333333335, 0.010425533333333334, 0.010032833333333333, 0.015595999999999999, 0.018075733333333333, 0.013211966666666667, 0.013073799999999998, 0.010717599999999999, 0.03582173333333333, 0.0243734, 0.0033926666666666675, 0.02988303333333334, 0.03657589999999999, 0.0189406, 0.016218, 0.037298700000000004, 0.008372866666666666, 0.0133235, 0.0143978, 0.026005033333333333, 0.012470166666666668, 0.019831666666666664, 0.009804466666666668, 0.015518700000000002, 0.019776066666666665, 0.014779966666666667, 0.012647566666666665, 0.015056233333333334, 0.014002566666666664, 0.013163666666666666, 0.016383566666666665, 0.013343933333333332, 0.016008966666666666], [0.025980600000000003, 0.03127626666666667, 0.030269166666666666, 0.02503553333333334, 0.02217576666666667, 0.032772166666666665, 0.005289133333333334, 0.0, 0.030360366666666663, 0.0237049, 0.018238266666666666, 0.0304782, 0.03882446666666666, 0.0430282, 0.028708833333333326, 0.030739766666666665, 0.026022033333333333, 0.0196345, 0.018870033333333334, 0.025662866666666666, 0.029976033333333332, 0.03456636666666667, 0.05260373333333333, 0.0115656, 0.01931856666666666, 0.0229481, 0.011254266666666667, 0.042260400000000004, 0.023446166666666667, 0.0188421, 0.02831876666666667, 0.023607866666666665, 0.029977133333333336, 0.022968766666666668, 0.0323466, 0.017341833333333334, 0.021230399999999996, 0.029635899999999996, 0.0106672, 0.04358806666666666, 0.027221166666666664, 0.0397416, 0.02270953333333333, 0.03837143333333333, 0.010124733333333332, 0.03424713333333333, 0.02564896666666667, 0.022995666666666668, 0.01736946666666667, 0.024013866666666668], [0.02110353333333333, 0.02584516666666667, 0.025515566666666663, 0.011926266666666668, 0.030728766666666664, 0.023481666666666665, 0.014641200000000002, 0.030360366666666663, 0.0, 0.0154871, 0.016887433333333333, 0.017367833333333336, 0.0124514, 0.03291873333333332, 0.027635799999999995, 0.025493933333333336, 0.024967766666666665, 0.010869333333333333, 0.025708433333333336, 0.0181746, 0.021141300000000002, 0.0180005, 0.027859, 0.02206093333333333, 0.027454899999999997, 0.024553166666666664, 0.013142333333333332, 0.023190766666666664, 0.012867933333333331, 0.0068089, 0.030727566666666664, 0.022109666666666663, 0.046806933333333335, 0.03250183333333333, 0.02796403333333334, 0.018878333333333334, 0.027239066666666673, 0.03671333333333333, 0.030129866666666665, 0.015601, 0.013429433333333334, 0.028313966666666666, 0.027516666666666665, 0.0191669, 0.0089818, 0.015716400000000002, 0.02105316666666667, 0.0298533, 0.0264345, 0.021115866666666663], [0.026094866666666668, 0.022695066666666666, 0.015547400000000003, 0.028306133333333334, 0.021939800000000002, 0.0227521, 0.016404833333333334, 0.0237049, 0.0154871, 0.0, 0.015048933333333334, 0.01758996666666667, 0.019772199999999997, 0.0173031, 0.013140966666666667, 0.0153435, 0.02991916666666667, 0.02521193333333333, 0.012920466666666668, 0.016788866666666666, 0.0073388666666666675, 0.010998366666666665, 0.024421666666666664, 0.009257866666666666, 0.018978933333333337, 0.02588706666666667, 0.025169733333333333, 0.035794599999999996, 0.02107416666666667, 0.023681966666666672, 0.018505066666666667, 0.008676466666666665, 0.019845666666666664, 0.0159064, 0.025004066666666665, 0.018873266666666662, 0.019365700000000003, 0.0111649, 0.012254466666666667, 0.015665266666666667, 0.021884700000000003, 0.023309466666666667, 0.017206166666666665, 0.023135566666666666, 0.013023666666666666, 0.021935933333333334, 0.02206356666666667, 0.013398699999999998, 0.018720133333333333, 0.0179272], [0.01244476666666667, 0.019146233333333335, 0.025310466666666663, 0.02005776666666667, 0.02575746666666666, 0.018799866666666665, 0.016716699999999998, 0.018238266666666666, 0.016887433333333333, 0.015048933333333334, 0.0, 0.0102853, 0.03193643333333333, 0.020143666666666667, 0.024894666666666673, 0.018102, 0.016090733333333333, 0.0149336, 0.006575133333333333, 0.0285566, 0.022426000000000005, 0.022409000000000002, 0.01827763333333333, 0.010256433333333334, 0.027130066666666664, 0.018816300000000005, 0.02311916666666667, 0.025543033333333333, 0.006440833333333332, 0.0134968, 0.01779633333333333, 0.031957233333333335, 0.03286716666666667, 0.03413046666666667, 0.019458566666666666, 0.017411366666666667, 0.008689633333333335, 0.018791666666666665, 0.015515133333333332, 0.019969300000000002, 0.025326033333333327, 0.039340299999999995, 0.022081066666666666, 0.03530850000000001, 0.02511786666666667, 0.031543633333333335, 0.03143316666666667, 0.017867533333333335, 0.020524333333333335, 0.028112033333333335], [0.015952533333333335, 0.022276466666666668, 0.020658133333333335, 0.0432231, 0.017826766666666667, 0.02909336666666667, 0.02915276666666667, 0.0304782, 0.017367833333333336, 0.01758996666666667, 0.0102853, 0.0, 0.013939133333333333, 0.020147233333333334, 0.018769633333333334, 0.014854499999999998, 0.01898613333333334, 0.024813133333333334, 0.028925666666666662, 0.01855133333333334, 0.018222766666666664, 0.032412266666666675, 0.02888466666666667, 0.02482993333333333, 0.006881933333333335, 0.0313801, 0.017606033333333337, 0.016791533333333334, 0.0132433, 0.035604366666666665, 0.017179999999999997, 0.026252833333333333, 0.02728053333333333, 0.04324336666666667, 0.0329887, 0.02401126666666667, 0.017127633333333333, 0.021545866666666667, 0.014550499999999997, 0.013017133333333333, 0.023264666666666666, 0.01939773333333333, 0.013203199999999998, 0.028248199999999998, 0.024316599999999997, 0.02022893333333333, 0.016454433333333334, 0.0232812, 0.026211666666666664, 0.0094074], [0.011666, 0.0219262, 0.028441000000000008, 0.020208933333333335, 0.021175866666666664, 0.02134333333333334, 0.0054067333333333335, 0.03882446666666666, 0.0124514, 0.019772199999999997, 0.03193643333333333, 0.013939133333333333, 0.0, 0.022165933333333332, 0.015587233333333334, 0.024499966666666668, 0.021265966666666664, 0.026050499999999994, 0.009052666666666665, 0.0246094, 0.023403933333333335, 0.015729066666666666, 0.0145393, 0.012732666666666663, 0.031323300000000005, 0.025827633333333336, 0.020347433333333335, 0.019267933333333334, 0.03224069999999999, 0.008775400000000001, 0.03289546666666667, 0.030935233333333336, 0.02194246666666667, 0.020374166666666665, 0.013843133333333335, 0.024422799999999998, 0.01677546666666667, 0.021742966666666665, 0.03468226666666666, 0.020661533333333332, 0.027449033333333334, 0.042073633333333325, 0.026777099999999998, 0.036056, 0.012732933333333332, 0.013048699999999998, 0.0041837666666666665, 0.012672800000000001, 0.017152466666666668, 0.0578738], [0.030322266666666663, 0.0168703, 0.025271233333333337, 0.011667866666666665, 0.018797300000000003, 0.0333869, 0.0075107666666666675, 0.0430282, 0.03291873333333332, 0.0173031, 0.020143666666666667, 0.020147233333333334, 0.022165933333333332, 0.0, 0.010317766666666665, 0.011197366666666667, 0.011389366666666668, 0.013261733333333331, 0.012148966666666667, 0.016791833333333336, 0.0251162, 0.035993199999999996, 0.020970766666666668, 0.03329206666666666, 0.020328100000000005, 0.026443666666666664, 0.020769499999999996, 0.039474433333333336, 0.018256033333333335, 0.0090316, 0.016222633333333333, 0.019954966666666664, 0.032992466666666664, 0.029621133333333338, 0.019426166666666668, 0.009867266666666668, 0.015819966666666668, 0.018544866666666663, 0.013849633333333333, 0.008261566666666666, 0.018889200000000005, 0.014667366666666666, 0.0207188, 0.022768200000000002, 0.020351833333333336, 0.02808463333333333, 0.025389766666666664, 0.0177641, 0.01504526666666667, 0.018733866666666668], [0.015469299999999998, 0.008931033333333333, 0.023219900000000005, 0.010278633333333332, 0.024993866666666666, 0.03280923333333333, 0.014080699999999998, 0.028708833333333326, 0.027635799999999995, 0.013140966666666667, 0.024894666666666673, 0.018769633333333334, 0.015587233333333334, 0.010317766666666665, 0.0, 0.015571833333333333, 0.02729013333333333, 0.016390099999999998, 0.02651323333333333, 0.027610333333333334, 0.011790100000000001, 0.0261733, 0.02896696666666667, 0.012381733333333332, 0.03376046666666667, 0.025747366666666667, 0.0182877, 0.025701400000000006, 0.017759733333333333, 0.021359933333333334, 0.015019433333333332, 0.015968200000000002, 0.022179799999999996, 0.026123033333333334, 0.0164573, 0.025596400000000002, 0.015675333333333333, 0.0247759, 0.02132016666666667, 0.0177819, 0.026060099999999992, 0.025950733333333333, 0.0231918, 0.022464566666666665, 0.01542583333333333, 0.015159266666666664, 0.018028166666666668, 0.008438233333333333, 0.021187566666666668, 0.016023533333333333], [0.028396666666666664, 0.016783766666666665, 0.04198583333333332, 0.016623933333333334, 0.015998800000000004, 0.024939933333333338, 0.018323766666666668, 0.030739766666666665, 0.025493933333333336, 0.0153435, 0.018102, 0.014854499999999998, 0.024499966666666668, 0.011197366666666667, 0.015571833333333333, 0.0, 0.0211778, 0.0130375, 0.0170957, 0.019394166666666664, 0.03533553333333334, 0.02126873333333333, 0.026867699999999994, 0.0174109, 0.022337133333333335, 0.020852966666666667, 0.03564196666666668, 0.03045793333333334, 0.0224154, 0.011950466666666668, 0.033296266666666664, 0.0315815, 0.04292689999999999, 0.04581193333333334, 0.01461416666666667, 0.03436703333333333, 0.025209866666666664, 0.03308953333333333, 0.01931426666666667, 0.03504259999999999, 0.021072399999999998, 0.016881866666666665, 0.019301666666666665, 0.02490839999999999, 0.031522266666666666, 0.019837833333333332, 0.019112133333333333, 0.013949333333333334, 0.019883500000000002, 0.026603266666666667], [0.023380066666666668, 0.016336633333333333, 0.016477866666666667, 0.0138896, 0.021982333333333333, 0.028755566666666666, 0.02293836666666667, 0.026022033333333333, 0.024967766666666665, 0.02991916666666667, 0.016090733333333333, 0.01898613333333334, 0.021265966666666664, 0.011389366666666668, 0.02729013333333333, 0.0211778, 0.0, 0.028507900000000003, 0.0235576, 0.02791486666666666, 0.013682333333333333, 0.0058272666666666665, 0.03716023333333332, 0.014632299999999996, 0.019779166666666664, 0.02164256666666667, 0.01597696666666667, 0.03570193333333333, 0.031202300000000002, 0.01946063333333333, 0.029084166666666664, 0.028577833333333337, 0.030886633333333333, 0.03626429999999999, 0.015738233333333334, 0.013660666666666666, 0.027764966666666665, 0.028038133333333333, 0.03349909999999999, 0.025492599999999997, 0.015294599999999998, 0.022172066666666664, 0.024128133333333333, 0.019264366666666678, 0.018039966666666667, 0.030306566666666666, 0.015892433333333334, 0.016566566666666668, 0.015611, 0.020617133333333336], [0.02368703333333333, 0.022167133333333332, 0.016566166666666667, 0.018037933333333336, 0.02250373333333333, 0.017486233333333333, 0.019353733333333335, 0.0196345, 0.010869333333333333, 0.02521193333333333, 0.0149336, 0.024813133333333334, 0.026050499999999994, 0.013261733333333331, 0.016390099999999998, 0.0130375, 0.028507900000000003, 0.0, 0.013894133333333334, 0.011047800000000002, 0.02767083333333333, 0.022460833333333333, 0.015926633333333332, 0.011429266666666665, 0.02271003333333333, 0.0195491, 0.016872833333333333, 0.015142299999999997, 0.019776466666666666, 0.036471, 0.0245636, 0.028894333333333334, 0.01771963333333333, 0.018048866666666667, 0.020643033333333335, 0.019523900000000004, 0.012582533333333335, 0.013529599999999996, 0.0138694, 0.013674633333333333, 0.02538643333333333, 0.027048333333333334, 0.018820000000000003, 0.010242133333333332, 0.01956283333333333, 0.021076400000000002, 0.025776399999999994, 0.03463803333333333, 0.0188959, 0.023685666666666664], [0.013929366666666665, 0.028951133333333334, 0.02137856666666667, 0.023721066666666665, 0.0316902, 0.024047366666666667, 0.010425533333333334, 0.018870033333333334, 0.025708433333333336, 0.012920466666666668, 0.006575133333333333, 0.028925666666666662, 0.009052666666666665, 0.012148966666666667, 0.02651323333333333, 0.0170957, 0.0235576, 0.013894133333333334, 0.0, 0.04281086666666667, 0.01866793333333333, 0.016717033333333336, 0.027703533333333336, 0.03131553333333333, 0.011521966666666664, 0.025537066666666667, 0.012311199999999998, 0.022289566666666667, 0.007657533333333333, 0.026954266666666667, 0.02926553333333333, 0.026463333333333332, 0.030403366666666667, 0.060493599999999995, 0.014977433333333333, 0.0298931, 0.016428300000000003, 0.025759833333333333, 0.027157800000000003, 0.03696516666666667, 0.020802533333333335, 0.020011933333333336, 0.011967366666666668, 0.02196613333333333, 0.01968606666666667, 0.013137099999999999, 0.0230503, 0.0190959, 0.021821533333333334, 0.014733799999999998], [0.023428866666666666, 0.034698700000000006, 0.02163296666666667, 0.0208513, 0.03608976666666666, 0.040936299999999995, 0.010032833333333333, 0.025662866666666666, 0.0181746, 0.016788866666666666, 0.0285566, 0.01855133333333334, 0.0246094, 0.016791833333333336, 0.027610333333333334, 0.019394166666666664, 0.02791486666666666, 0.011047800000000002, 0.04281086666666667, 0.0, 0.0142139, 0.010059066666666667, 0.03412986666666667, 0.025392366666666666, 0.019405533333333336, 0.0233286, 0.035594933333333335, 0.023625766666666666, 0.016013866666666668, 0.0176285, 0.036551600000000004, 0.03752153333333334, 0.04722343333333332, 0.039757466666666665, 0.022068866666666662, 0.028138600000000003, 0.023895366666666664, 0.04171529999999999, 0.0355764, 0.02797383333333333, 0.019330533333333334, 0.04009733333333334, 0.033547799999999996, 0.02564993333333333, 0.028547633333333333, 0.02113376666666667, 0.018908600000000005, 0.022466566666666667, 0.0167454, 0.0310721], [0.018591999999999997, 0.028897900000000004, 0.01873196666666667, 0.02888686666666667, 0.02759796666666667, 0.0151651, 0.015595999999999999, 0.029976033333333332, 0.021141300000000002, 0.0073388666666666675, 0.022426000000000005, 0.018222766666666664, 0.023403933333333335, 0.0251162, 0.011790100000000001, 0.03533553333333334, 0.013682333333333333, 0.02767083333333333, 0.01866793333333333, 0.0142139, 0.0, 0.0351513, 0.022143133333333332, 0.03524413333333333, 0.023370766666666667, 0.018020300000000003, 0.03262323333333333, 0.0168709, 0.029227966666666664, 0.0123442, 0.019603799999999998, 0.0160233, 0.0339827, 0.030282233333333332, 0.019741233333333337, 0.025389500000000002, 0.024243333333333332, 0.019177533333333333, 0.0189875, 0.0089065, 0.017120966666666668, 0.03298536666666667, 0.0290974, 0.02451376666666667, 0.03150926666666666, 0.0148762, 0.013868666666666666, 0.01892476666666667, 0.02436513333333333, 0.025719733333333335], [0.030063, 0.03984193333333333, 0.01782693333333333, 0.0201697, 0.0217102, 0.017850933333333336, 0.018075733333333333, 0.03456636666666667, 0.0180005, 0.010998366666666665, 0.022409000000000002, 0.032412266666666675, 0.015729066666666666, 0.035993199999999996, 0.0261733, 0.02126873333333333, 0.0058272666666666665, 0.022460833333333333, 0.016717033333333336, 0.010059066666666667, 0.0351513, 0.0, 0.0321658, 0.012469866666666668, 0.02227533333333333, 0.019716633333333327, 0.011929933333333332, 0.020490200000000004, 0.01835816666666667, 0.021217800000000002, 0.013413000000000001, 0.0168727, 0.019712133333333333, 0.010443333333333334, 0.017960766666666666, 0.015623833333333333, 0.0142679, 0.014959100000000003, 0.020475133333333333, 0.0174474, 0.023494166666666667, 0.014659100000000003, 0.014048600000000001, 0.018677399999999997, 0.01892673333333333, 0.019597966666666668, 0.013691633333333331, 0.02443836666666667, 0.0171718, 0.0161418], [0.032488, 0.029403333333333337, 0.023225800000000005, 0.023147233333333333, 0.03294860000000001, 0.020790566666666663, 0.013211966666666667, 0.05260373333333333, 0.027859, 0.024421666666666664, 0.01827763333333333, 0.02888466666666667, 0.0145393, 0.020970766666666668, 0.02896696666666667, 0.026867699999999994, 0.03716023333333332, 0.015926633333333332, 0.027703533333333336, 0.03412986666666667, 0.022143133333333332, 0.0321658, 0.0, 0.01856263333333333, 0.0260044, 0.02579583333333333, 0.008523566666666666, 0.0371501, 0.01563816666666667, 0.026248200000000003, 0.021389466666666666, 0.0400609, 0.03650726666666665, 0.02804683333333333, 0.028658433333333334, 0.034110466666666665, 0.021544999999999998, 0.033026066666666666, 0.039159099999999995, 0.023653000000000004, 0.0276748, 0.025424266666666667, 0.016935266666666664, 0.039751633333333335, 0.013068900000000001, 0.0226506, 0.034400066666666666, 0.025334633333333335, 0.015778599999999997, 0.021199533333333333], [0.010821466666666668, 0.024080600000000004, 0.024348266666666663, 0.014079833333333333, 0.0295749, 0.03313956666666667, 0.013073799999999998, 0.0115656, 0.02206093333333333, 0.009257866666666666, 0.010256433333333334, 0.02482993333333333, 0.012732666666666663, 0.03329206666666666, 0.012381733333333332, 0.0174109, 0.014632299999999996, 0.011429266666666665, 0.03131553333333333, 0.025392366666666666, 0.03524413333333333, 0.012469866666666668, 0.01856263333333333, 0.0, 0.008496966666666668, 0.0191458, 0.0317895, 0.0312618, 0.0204933, 0.023950966666666667, 0.013570866666666664, 0.023271933333333335, 0.014766266666666665, 0.020150700000000004, 0.027087299999999998, 0.016931666666666668, 0.026490366666666664, 0.015489633333333334, 0.02013223333333333, 0.0183811, 0.011361300000000001, 0.008987166666666664, 0.027627600000000002, 0.021374800000000006, 0.0248439, 0.0141929, 0.0214264, 0.013674199999999997, 0.024133633333333335, 0.014193400000000004], [0.011519999999999999, 0.011937733333333336, 0.013651700000000003, 0.01902766666666667, 0.040730800000000005, 0.025216666666666672, 0.010717599999999999, 0.01931856666666666, 0.027454899999999997, 0.018978933333333337, 0.027130066666666664, 0.006881933333333335, 0.031323300000000005, 0.020328100000000005, 0.03376046666666667, 0.022337133333333335, 0.019779166666666664, 0.02271003333333333, 0.011521966666666664, 0.019405533333333336, 0.023370766666666667, 0.02227533333333333, 0.0260044, 0.008496966666666668, 0.0, 0.029759833333333336, 0.01515546666666667, 0.01479533333333333, 0.014109566666666667, 0.016099266666666667, 0.017170533333333335, 0.01993733333333333, 0.0360554, 0.03271333333333333, 0.02274463333333333, 0.018254466666666667, 0.014143099999999999, 0.03209373333333333, 0.014022733333333334, 0.039852933333333326, 0.01934803333333333, 0.025979866666666664, 0.0122193, 0.020031300000000002, 0.014082366666666667, 0.014353300000000001, 0.015989066666666666, 0.011112566666666667, 0.0309699, 0.018977566666666668], [0.010533966666666667, 0.0138981, 0.023988600000000002, 0.03576580000000001, 0.0170799, 0.03006406666666667, 0.03582173333333333, 0.0229481, 0.024553166666666664, 0.02588706666666667, 0.018816300000000005, 0.0313801, 0.025827633333333336, 0.026443666666666664, 0.025747366666666667, 0.020852966666666667, 0.02164256666666667, 0.0195491, 0.025537066666666667, 0.0233286, 0.018020300000000003, 0.019716633333333327, 0.02579583333333333, 0.0191458, 0.029759833333333336, 0.0, 0.013346066666666666, 0.0165569, 0.020451633333333337, 0.016908566666666666, 0.0256538, 0.023858233333333333, 0.04710720000000001, 0.028811299999999998, 0.015787433333333333, 0.034002733333333326, 0.020804066666666666, 0.03485173333333333, 0.018788433333333337, 0.02911503333333333, 0.025234466666666667, 0.04140169999999999, 0.023008933333333332, 0.0301881, 0.03186133333333333, 0.021655099999999997, 0.0237805, 0.032766366666666664, 0.024873633333333336, 0.023601599999999997], [0.016669166666666665, 0.024232800000000002, 0.031960166666666665, 0.015122633333333333, 0.0212677, 0.024910666666666664, 0.0243734, 0.011254266666666667, 0.013142333333333332, 0.025169733333333333, 0.02311916666666667, 0.017606033333333337, 0.020347433333333335, 0.020769499999999996, 0.0182877, 0.03564196666666668, 0.01597696666666667, 0.016872833333333333, 0.012311199999999998, 0.035594933333333335, 0.03262323333333333, 0.011929933333333332, 0.008523566666666666, 0.0317895, 0.01515546666666667, 0.013346066666666666, 0.0, 0.0126637, 0.01953033333333333, 0.0250657, 0.0199084, 0.0146979, 0.03396876666666668, 0.021591499999999996, 0.018019133333333333, 0.016026033333333328, 0.026012166666666663, 0.024662999999999997, 0.022702600000000003, 0.027546566666666668, 0.018545766666666668, 0.028012699999999998, 0.030255366666666672, 0.018134233333333336, 0.029878766666666667, 0.022062333333333333, 0.016237766666666667, 0.02074156666666667, 0.033900666666666676, 0.02287883333333333], [0.012916566666666665, 0.008809533333333333, 0.034210833333333336, 0.016805566666666664, 0.026085766666666666, 0.0189841, 0.0033926666666666675, 0.042260400000000004, 0.023190766666666664, 0.035794599999999996, 0.025543033333333333, 0.016791533333333334, 0.019267933333333334, 0.039474433333333336, 0.025701400000000006, 0.03045793333333334, 0.03570193333333333, 0.015142299999999997, 0.022289566666666667, 0.023625766666666666, 0.0168709, 0.020490200000000004, 0.0371501, 0.0312618, 0.01479533333333333, 0.0165569, 0.0126637, 0.0, 0.014989033333333334, 0.0106242, 0.026417466666666667, 0.0350729, 0.03697556666666667, 0.03825323333333333, 0.011630233333333333, 0.0278356, 0.029635466666666666, 0.0370302, 0.021218599999999997, 0.02115716666666666, 0.026782533333333334, 0.028910433333333332, 0.025872299999999997, 0.02682993333333333, 0.0156793, 0.030336366666666663, 0.010848633333333335, 0.026393033333333336, 0.025436366666666668, 0.015345966666666665], [0.0241493, 0.017565, 0.022317033333333337, 0.021597666666666668, 0.011753133333333334, 0.032597933333333336, 0.02988303333333334, 0.023446166666666667, 0.012867933333333331, 0.02107416666666667, 0.006440833333333332, 0.0132433, 0.03224069999999999, 0.018256033333333335, 0.017759733333333333, 0.0224154, 0.031202300000000002, 0.019776466666666666, 0.007657533333333333, 0.016013866666666668, 0.029227966666666664, 0.01835816666666667, 0.01563816666666667, 0.0204933, 0.014109566666666667, 0.020451633333333337, 0.01953033333333333, 0.014989033333333334, 0.0, 0.01619673333333333, 0.02637346666666667, 0.015754866666666666, 0.023618699999999996, 0.013748800000000002, 0.02837916666666666, 0.0140506, 0.0278391, 0.021501899999999997, 0.02003946666666667, 0.019251066666666667, 0.01645366666666667, 0.01912196666666667, 0.018263933333333336, 0.011239833333333334, 0.013390266666666666, 0.02105393333333333, 0.011932533333333334, 0.01568723333333333, 0.017566633333333335, 0.012433399999999999], [0.01699876666666667, 0.026114666666666668, 0.010747333333333334, 0.01576236666666667, 0.0222141, 0.037616533333333334, 0.03657589999999999, 0.0188421, 0.0068089, 0.023681966666666672, 0.0134968, 0.035604366666666665, 0.008775400000000001, 0.0090316, 0.021359933333333334, 0.011950466666666668, 0.01946063333333333, 0.036471, 0.026954266666666667, 0.0176285, 0.0123442, 0.021217800000000002, 0.026248200000000003, 0.023950966666666667, 0.016099266666666667, 0.016908566666666666, 0.0250657, 0.0106242, 0.01619673333333333, 0.0, 0.02044546666666667, 0.017813366666666667, 0.018428666666666663, 0.02474873333333333, 0.023843533333333333, 0.011194966666666665, 0.020527833333333332, 0.022290866666666666, 0.013913066666666666, 0.020988200000000002, 0.022759733333333334, 0.017087, 0.01690986666666667, 0.0176073, 0.026741466666666668, 0.019284666666666665, 0.0181444, 0.031784566666666667, 0.0187599, 0.0218929], [0.016849366666666664, 0.033796566666666666, 0.017128333333333336, 0.028204933333333335, 0.0303678, 0.025793833333333335, 0.0189406, 0.02831876666666667, 0.030727566666666664, 0.018505066666666667, 0.01779633333333333, 0.017179999999999997, 0.03289546666666667, 0.016222633333333333, 0.015019433333333332, 0.033296266666666664, 0.029084166666666664, 0.0245636, 0.02926553333333333, 0.036551600000000004, 0.019603799999999998, 0.013413000000000001, 0.021389466666666666, 0.013570866666666664, 0.017170533333333335, 0.0256538, 0.0199084, 0.026417466666666667, 0.02637346666666667, 0.02044546666666667, 0.0, 0.032101666666666674, 0.033443499999999994, 0.0431722, 0.018554066666666667, 0.011163933333333332, 0.022757666666666662, 0.030356100000000004, 0.022171399999999997, 0.02307726666666667, 0.012972799999999996, 0.03191406666666668, 0.03778549999999999, 0.020551899999999998, 0.02467866666666666, 0.020431366666666666, 0.031047833333333334, 0.02371663333333333, 0.02322316666666667, 0.017969399999999996], [0.017668466666666664, 0.025767366666666663, 0.024860200000000002, 0.023584333333333336, 0.022239233333333337, 0.027437733333333332, 0.016218, 0.023607866666666665, 0.022109666666666663, 0.008676466666666665, 0.031957233333333335, 0.026252833333333333, 0.030935233333333336, 0.019954966666666664, 0.015968200000000002, 0.0315815, 0.028577833333333337, 0.028894333333333334, 0.026463333333333332, 0.03752153333333334, 0.0160233, 0.0168727, 0.0400609, 0.023271933333333335, 0.01993733333333333, 0.023858233333333333, 0.0146979, 0.0350729, 0.015754866666666666, 0.017813366666666667, 0.032101666666666674, 0.0, 0.038709433333333335, 0.03487113333333333, 0.014280633333333336, 0.03466976666666667, 0.024693266666666665, 0.0409357, 0.03339286666666667, 0.031404800000000004, 0.013617033333333334, 0.018637633333333334, 0.0115768, 0.023621733333333332, 0.019050233333333336, 0.013256333333333334, 0.018404133333333336, 0.024763633333333333, 0.04127923333333333, 0.022595366666666665], [0.01968976666666667, 0.025251700000000005, 0.03938403333333334, 0.0257391, 0.031746366666666664, 0.03267673333333333, 0.037298700000000004, 0.029977133333333336, 0.046806933333333335, 0.019845666666666664, 0.03286716666666667, 0.02728053333333333, 0.02194246666666667, 0.032992466666666664, 0.022179799999999996, 0.04292689999999999, 0.030886633333333333, 0.01771963333333333, 0.030403366666666667, 0.04722343333333332, 0.0339827, 0.019712133333333333, 0.03650726666666665, 0.014766266666666665, 0.0360554, 0.04710720000000001, 0.03396876666666668, 0.03697556666666667, 0.023618699999999996, 0.018428666666666663, 0.033443499999999994, 0.038709433333333335, 0.0, 0.060632433333333326, 0.015726133333333333, 0.029181466666666666, 0.0264749, 0.06157016666666666, 0.020103299999999994, 0.022686099999999997, 0.02733486666666667, 0.04070686666666666, 0.0270514, 0.0340966, 0.024161833333333334, 0.028199733333333334, 0.02923426666666667, 0.021769533333333334, 0.017934500000000003, 0.015580900000000002], [0.020181866666666666, 0.021675533333333333, 0.028556066666666664, 0.0240485, 0.031164699999999997, 0.034513966666666666, 0.008372866666666666, 0.022968766666666668, 0.03250183333333333, 0.0159064, 0.03413046666666667, 0.04324336666666667, 0.020374166666666665, 0.029621133333333338, 0.026123033333333334, 0.04581193333333334, 0.03626429999999999, 0.018048866666666667, 0.060493599999999995, 0.039757466666666665, 0.030282233333333332, 0.010443333333333334, 0.02804683333333333, 0.020150700000000004, 0.03271333333333333, 0.028811299999999998, 0.021591499999999996, 0.03825323333333333, 0.013748800000000002, 0.02474873333333333, 0.0431722, 0.03487113333333333, 0.060632433333333326, 0.0, 0.015127666666666664, 0.0276367, 0.024605666666666668, 0.0406223, 0.03424173333333333, 0.024290000000000003, 0.017821433333333334, 0.02985163333333334, 0.017516900000000002, 0.0359947, 0.0318837, 0.03465016666666667, 0.020390766666666667, 0.011512133333333334, 0.027574299999999996, 0.025073733333333334], [0.024372433333333332, 0.0141516, 0.028418399999999996, 0.0228508, 0.027297300000000004, 0.01675613333333333, 0.0133235, 0.0323466, 0.02796403333333334, 0.025004066666666665, 0.019458566666666666, 0.0329887, 0.013843133333333335, 0.019426166666666668, 0.0164573, 0.01461416666666667, 0.015738233333333334, 0.020643033333333335, 0.014977433333333333, 0.022068866666666662, 0.019741233333333337, 0.017960766666666666, 0.028658433333333334, 0.027087299999999998, 0.02274463333333333, 0.015787433333333333, 0.018019133333333333, 0.011630233333333333, 0.02837916666666666, 0.023843533333333333, 0.018554066666666667, 0.014280633333333336, 0.015726133333333333, 0.015127666666666664, 0.0, 0.0302815, 0.008423033333333333, 0.0198431, 0.017081466666666666, 0.021170266666666663, 0.015598366666666665, 0.020575033333333333, 0.01973096666666667, 0.017819800000000007, 0.018605200000000002, 0.02054663333333333, 0.015698466666666668, 0.018921000000000004, 0.012772133333333333, 0.017485399999999998], [0.01795533333333333, 0.027482633333333333, 0.022718699999999998, 0.019196366666666666, 0.022029899999999998, 0.029078666666666666, 0.0143978, 0.017341833333333334, 0.018878333333333334, 0.018873266666666662, 0.017411366666666667, 0.02401126666666667, 0.024422799999999998, 0.009867266666666668, 0.025596400000000002, 0.03436703333333333, 0.013660666666666666, 0.019523900000000004, 0.0298931, 0.028138600000000003, 0.025389500000000002, 0.015623833333333333, 0.034110466666666665, 0.016931666666666668, 0.018254466666666667, 0.034002733333333326, 0.016026033333333328, 0.0278356, 0.0140506, 0.011194966666666665, 0.011163933333333332, 0.03466976666666667, 0.029181466666666666, 0.0276367, 0.0302815, 0.0, 0.025873866666666665, 0.02654356666666667, 0.02719983333333333, 0.014984800000000003, 0.03012773333333333, 0.02009166666666667, 0.011710499999999999, 0.038117366666666666, 0.014255366666666667, 0.014029233333333333, 0.022572033333333335, 0.015397033333333334, 0.03065793333333333, 0.013793766666666669], [0.026920966666666667, 0.032677533333333335, 0.016203499999999996, 0.03532456666666666, 0.023430033333333333, 0.010981633333333334, 0.026005033333333333, 0.021230399999999996, 0.027239066666666673, 0.019365700000000003, 0.008689633333333335, 0.017127633333333333, 0.01677546666666667, 0.015819966666666668, 0.015675333333333333, 0.025209866666666664, 0.027764966666666665, 0.012582533333333335, 0.016428300000000003, 0.023895366666666664, 0.024243333333333332, 0.0142679, 0.021544999999999998, 0.026490366666666664, 0.014143099999999999, 0.020804066666666666, 0.026012166666666663, 0.029635466666666666, 0.0278391, 0.020527833333333332, 0.022757666666666662, 0.024693266666666665, 0.0264749, 0.024605666666666668, 0.008423033333333333, 0.025873866666666665, 0.0, 0.028300400000000003, 0.020102733333333334, 0.016983099999999998, 0.010485833333333333, 0.013648066666666668, 0.015763966666666664, 0.01588656666666667, 0.017458766666666667, 0.017235533333333334, 0.02583213333333333, 0.013564833333333332, 0.019213133333333333, 0.009165666666666666], [0.01717816666666666, 0.02183496666666666, 0.050700533333333325, 0.018643300000000005, 0.022988266666666663, 0.03207326666666667, 0.012470166666666668, 0.029635899999999996, 0.03671333333333333, 0.0111649, 0.018791666666666665, 0.021545866666666667, 0.021742966666666665, 0.018544866666666663, 0.0247759, 0.03308953333333333, 0.028038133333333333, 0.013529599999999996, 0.025759833333333333, 0.04171529999999999, 0.019177533333333333, 0.014959100000000003, 0.033026066666666666, 0.015489633333333334, 0.03209373333333333, 0.03485173333333333, 0.024662999999999997, 0.0370302, 0.021501899999999997, 0.022290866666666666, 0.030356100000000004, 0.0409357, 0.06157016666666666, 0.0406223, 0.0198431, 0.02654356666666667, 0.028300400000000003, 0.0, 0.0200244, 0.043780766666666665, 0.022694833333333334, 0.03515946666666667, 0.0232848, 0.02232993333333333, 0.022262833333333332, 0.0314338, 0.0327022, 0.01567483333333333, 0.04474683333333333, 0.025671600000000003], [0.029959533333333333, 0.02745766666666667, 0.015935933333333333, 0.022013000000000005, 0.015923299999999998, 0.014553599999999996, 0.019831666666666664, 0.0106672, 0.030129866666666665, 0.012254466666666667, 0.015515133333333332, 0.014550499999999997, 0.03468226666666666, 0.013849633333333333, 0.02132016666666667, 0.01931426666666667, 0.03349909999999999, 0.0138694, 0.027157800000000003, 0.0355764, 0.0189875, 0.020475133333333333, 0.039159099999999995, 0.02013223333333333, 0.014022733333333334, 0.018788433333333337, 0.022702600000000003, 0.021218599999999997, 0.02003946666666667, 0.013913066666666666, 0.022171399999999997, 0.03339286666666667, 0.020103299999999994, 0.03424173333333333, 0.017081466666666666, 0.02719983333333333, 0.020102733333333334, 0.0200244, 0.0, 0.02097343333333333, 0.019010799999999998, 0.028096333333333338, 0.023431466666666664, 0.03267673333333333, 0.014340233333333332, 0.023112833333333336, 0.027293633333333334, 0.0191034, 0.018393566666666666, 0.018855766666666662], [0.025524866666666667, 0.015758433333333335, 0.019720166666666667, 0.015870233333333334, 0.0146294, 0.023947933333333334, 0.009804466666666668, 0.04358806666666666, 0.015601, 0.015665266666666667, 0.019969300000000002, 0.013017133333333333, 0.020661533333333332, 0.008261566666666666, 0.0177819, 0.03504259999999999, 0.025492599999999997, 0.013674633333333333, 0.03696516666666667, 0.02797383333333333, 0.0089065, 0.0174474, 0.023653000000000004, 0.0183811, 0.039852933333333326, 0.02911503333333333, 0.027546566666666668, 0.02115716666666666, 0.019251066666666667, 0.020988200000000002, 0.02307726666666667, 0.031404800000000004, 0.022686099999999997, 0.024290000000000003, 0.021170266666666663, 0.014984800000000003, 0.016983099999999998, 0.043780766666666665, 0.02097343333333333, 0.0, 0.0224568, 0.007370466666666667, 0.012967466666666667, 0.01186393333333333, 0.03317553333333334, 0.0125614, 0.029082866666666665, 0.0251171, 0.020352066666666665, 0.037042], [0.02173843333333333, 0.021708533333333335, 0.0280727, 0.024411200000000004, 0.016727366666666663, 0.020673100000000003, 0.015518700000000002, 0.027221166666666664, 0.013429433333333334, 0.021884700000000003, 0.025326033333333327, 0.023264666666666666, 0.027449033333333334, 0.018889200000000005, 0.026060099999999992, 0.021072399999999998, 0.015294599999999998, 0.02538643333333333, 0.020802533333333335, 0.019330533333333334, 0.017120966666666668, 0.023494166666666667, 0.0276748, 0.0113613000