[[0.0, 0.15774190000000002, 0.1688151333333334, 0.1657927333333334, 0.11540126666666668, 0.16160266666666664, 0.14407266666666665, 0.10649403333333331, 0.1107031666666667, 0.12882980000000002, 0.1158826, 0.07755613333333335, 0.024159533333333337, 0.08659876666666666, 0.06178943333333334, 0.07457513333333333, 0.05378086666666667, 0.04607743333333334, 0.04990796666666665, 0.055169933333333344, 0.05840680000000001, 0.025413500000000002, 0.03597086666666667, 0.04678656666666666, 0.04094553333333333, 0.06589056666666668, 0.03322843333333333, 0.03711116666666667, 0.030953166666666667, 0.046986699999999985, 0.026428100000000003, 0.07838343333333336, 0.033481300000000006, 0.045711100000000005, 0.0419342, 0.0405334, 0.05807596666666667, 0.023325333333333333, 0.03353606666666667, 0.0357076, 0.0214553, 0.04548006666666668, 0.034506266666666674, 0.034364233333333334, 0.045266799999999996, 0.03144693333333333, 0.038060266666666655, 0.0305695, 0.038665533333333335, 0.04277076666666668], [0.15774190000000002, 0.0, 0.16948286666666668, 0.15277156666666666, 0.13926776666666668, 0.16527310000000003, 0.15190813333333333, 0.1158512, 0.09659886666666664, 0.08734776666666666, 0.16226130000000002, 0.07959409999999999, 0.032452, 0.09393413333333334, 0.06974896666666668, 0.07258429999999998, 0.04523963333333333, 0.028630466666666663, 0.07423696666666665, 0.06381016666666667, 0.04308716666666666, 0.02754263333333334, 0.04298909999999999, 0.035111100000000006, 0.0359623, 0.044589900000000016, 0.05818456666666667, 0.04239076666666668, 0.04049619999999998, 0.05855236666666668, 0.03352366666666666, 0.0553275, 0.0441529, 0.04453753333333334, 0.04238710000000001, 0.0334343, 0.033785133333333335, 0.03418786666666666, 0.026376766666666666, 0.03313226666666667, 0.031958400000000005, 0.04754693333333333, 0.03268270000000001, 0.0177443, 0.055269433333333326, 0.034427833333333324, 0.035621700000000006, 0.048406199999999996, 0.045359466666666674, 0.03672090000000001], [0.1688151333333334, 0.16948286666666668, 0.0, 0.18393466666666672, 0.13022019999999998, 0.14698886666666666, 0.14070370000000001, 0.15773036666666662, 0.11890866666666668, 0.12614366666666665, 0.11662873333333335, 0.07487490000000001, 0.03582719999999999, 0.07959166666666667, 0.0440163, 0.07434613333333334, 0.038039866666666665, 0.02766666666666667, 0.05812860000000001, 0.055034999999999994, 0.08832183333333331, 0.01934616666666667, 0.03606760000000001, 0.0410818, 0.026368233333333334, 0.059889599999999994, 0.052132433333333346, 0.026885333333333334, 0.02603256666666667, 0.028457699999999995, 0.04197756666666666, 0.07783860000000001, 0.027571266666666667, 0.03433886666666666, 0.03317553333333333, 0.029612733333333332, 0.035982600000000003, 0.03903963333333334, 0.04416743333333334, 0.027213299999999996, 0.03334156666666666, 0.0292079, 0.02564073333333333, 0.024429499999999996, 0.049630700000000014, 0.03585820000000001, 0.047054233333333334, 0.03306453333333334, 0.021368533333333332, 0.030798366666666663], [0.1657927333333334, 0.15277156666666666, 0.18393466666666672, 0.0, 0.1447078333333333, 0.1484699333333334, 0.13724193333333334, 0.1392711, 0.09376880000000001, 0.13356326666666668, 0.10988859999999999, 0.07113756666666665, 0.04418106666666667, 0.07086466666666666, 0.05456180000000001, 0.1059142, 0.042154233333333326, 0.030344166666666665, 0.06333933333333333, 0.050060900000000005, 0.05320066666666665, 0.01788836666666667, 0.03905200000000001, 0.022792099999999996, 0.038435833333333336, 0.0719397, 0.034526633333333334, 0.03256153333333332, 0.031868966666666665, 0.03584283333333333, 0.03274276666666666, 0.06579586666666666, 0.033276233333333335, 0.04665303333333332, 0.03783483333333333, 0.034800366666666666, 0.04861936666666667, 0.02964546666666667, 0.04208843333333333, 0.05291703333333333, 0.027154, 0.029940233333333333, 0.0367662, 0.03437699999999999, 0.045823766666666675, 0.054709200000000006, 0.05292003333333332, 0.04144290000000001, 0.027853733333333335, 0.04376163333333334], [0.11540126666666668, 0.13926776666666668, 0.13022019999999998, 0.1447078333333333, 0.0, 0.0859862333333333, 0.10848463333333333, 0.08968976666666666, 0.05271740000000001, 0.06855763333333333, 0.09395836666666667, 0.07126873333333333, 0.02973373333333334, 0.06075283333333334, 0.051357599999999996, 0.062313866666666655, 0.04979483333333334, 0.06027669999999999, 0.045315566666666675, 0.048692933333333334, 0.04161526666666667, 0.03251656666666667, 0.03382503333333333, 0.047562066666666666, 0.040221466666666664, 0.0346923, 0.05867116666666667, 0.04231946666666667, 0.016831066666666665, 0.04217213333333334, 0.05063680000000002, 0.04658179999999999, 0.03503529999999999, 0.041271, 0.04321226666666667, 0.0372589, 0.03662773333333334, 0.019752866666666664, 0.04494173333333334, 0.03545353333333333, 0.02940936666666667, 0.04287643333333333, 0.029945066666666666, 0.03717183333333334, 0.04829826666666667, 0.05806413333333333, 0.03452466666666667, 0.0378512, 0.0222022, 0.028640800000000004], [0.16160266666666664, 0.16527310000000003, 0.14698886666666666, 0.1484699333333334, 0.0859862333333333, 0.0, 0.1696604, 0.19184726666666668, 0.13876573333333328, 0.15298316666666667, 0.0922369, 0.04380110000000001, 0.032375966666666665, 0.09382136666666666, 0.0641228, 0.06531210000000001, 0.0380885, 0.029752400000000005, 0.040725166666666666, 0.07359676666666667, 0.05995796666666666, 0.027324966666666665, 0.03726293333333333, 0.03210396666666667, 0.04256743333333334, 0.059109666666666665, 0.06901856666666666, 0.040517300000000006, 0.03035576666666667, 0.04223033333333333, 0.034308866666666674, 0.06509326666666668, 0.03352966666666667, 0.02774063333333333, 0.031635033333333326, 0.026771800000000002, 0.0301564, 0.028362133333333327, 0.031956733333333334, 0.023890099999999997, 0.03738663333333333, 0.036868333333333336, 0.0313836, 0.032203333333333334, 0.046850800000000005, 0.05832116666666668, 0.036244166666666675, 0.037798899999999996, 0.029986166666666664, 0.031853866666666675], [0.14407266666666665, 0.15190813333333333, 0.14070370000000001, 0.13724193333333334, 0.10848463333333333, 0.1696604, 0.0, 0.15143743333333332, 0.08316793333333336, 0.09362293333333334, 0.10784419999999999, 0.048327733333333324, 0.06063966666666666, 0.09917000000000005, 0.054404200000000014, 0.059109566666666676, 0.030103233333333333, 0.04045719999999999, 0.055867833333333325, 0.06932246666666665, 0.0662629, 0.04081563333333333, 0.038471500000000006, 0.044447099999999996, 0.034517566666666666, 0.042164766666666666, 0.022822899999999997, 0.0365721, 0.024836766666666663, 0.04413003333333334, 0.035988566666666666, 0.055817733333333334, 0.023212566666666667, 0.03956773333333333, 0.037569566666666665, 0.03285656666666667, 0.042544066666666665, 0.0296212, 0.02121803333333334, 0.034107433333333326, 0.039468333333333334, 0.037552066666666675, 0.02671999999999999, 0.02918086666666667, 0.056589033333333344, 0.02159273333333333, 0.032185099999999994, 0.044206733333333345, 0.03752513333333333, 0.04793616666666666], [0.10649403333333331, 0.1158512, 0.15773036666666662, 0.1392711, 0.08968976666666666, 0.19184726666666668, 0.15143743333333332, 0.0, 0.09975626666666666, 0.09786823333333335, 0.09326196666666668, 0.036405966666666664, 0.0292151, 0.09205590000000001, 0.04834229999999999, 0.033129366666666674, 0.030206666666666663, 0.046883566666666675, 0.05713860000000001, 0.05795443333333332, 0.047484866666666674, 0.027278700000000006, 0.03462523333333333, 0.037077200000000005, 0.026406733333333335, 0.06903556666666667, 0.04117, 0.03746906666666666, 0.02135676666666667, 0.034833699999999995, 0.012189499999999999, 0.06573216666666669, 0.04502570000000001, 0.033991066666666674, 0.037053199999999994, 0.03374043333333334, 0.04492989999999999, 0.02914203333333333, 0.0499733, 0.03883286666666667, 0.04566696666666667, 0.06075886666666666, 0.024624966666666664, 0.031181466666666664, 0.03412143333333333, 0.034726200000000006, 0.043676433333333334, 0.045822466666666666, 0.05335073333333332, 0.037291766666666656], [0.1107031666666667, 0.09659886666666664, 0.11890866666666668, 0.09376880000000001, 0.05271740000000001, 0.13876573333333328, 0.08316793333333336, 0.09975626666666666, 0.0, 0.1064216666666667, 0.06541446666666664, 0.08282756666666666, 0.034168899999999995, 0.0706820666666667, 0.03624486666666667, 0.06865656666666668, 0.05106266666666667, 0.025733133333333335, 0.04257859999999999, 0.042261899999999984, 0.04429210000000001, 0.0394341, 0.05390366666666667, 0.02249573333333333, 0.03448659999999999, 0.06539006666666668, 0.06065383333333334, 0.03638516666666666, 0.03904656666666666, 0.027454799999999998, 0.024751500000000006, 0.06916773333333331, 0.052599999999999994, 0.0318737, 0.045660766666666665, 0.0313592, 0.029706099999999996, 0.027576866666666658, 0.04543256666666667, 0.04546683333333334, 0.049982, 0.039209799999999996, 0.0392118, 0.03512773333333333, 0.03514553333333333, 0.04351000000000001, 0.03313883333333333, 0.030003000000000002, 0.025513833333333336, 0.0333912], [0.12882980000000002, 0.08734776666666666, 0.12614366666666665, 0.13356326666666668, 0.06855763333333333, 0.15298316666666667, 0.09362293333333334, 0.09786823333333335, 0.1064216666666667, 0.0, 0.08361620000000002, 0.0749277, 0.05715833333333334, 0.07649943333333334, 0.037236500000000006, 0.07086999999999999, 0.0282175, 0.0427072, 0.030074266666666658, 0.08958303333333334, 0.044795533333333346, 0.03169603333333333, 0.03920153333333333, 0.03106803333333334, 0.05610306666666665, 0.02757046666666667, 0.059603233333333325, 0.0154541, 0.03297046666666666, 0.023816599999999997, 0.032124700000000006, 0.06695739999999999, 0.036510433333333314, 0.03752613333333333, 0.03344453333333333, 0.030756833333333327, 0.04208566666666667, 0.028676566666666667, 0.038627666666666664, 0.03540016666666666, 0.041003933333333326, 0.022399199999999998, 0.026154233333333336, 0.057705400000000004, 0.027305233333333324, 0.02658053333333334, 0.046344933333333324, 0.031478, 0.03584706666666666, 0.030778766666666665], [0.1158826, 0.16226130000000002, 0.11662873333333335, 0.10988859999999999, 0.09395836666666667, 0.0922369, 0.10784419999999999, 0.09326196666666668, 0.06541446666666664, 0.08361620000000002, 0.0, 0.08525136666666666, 0.042155533333333335, 0.06651313333333335, 0.04724453333333334, 0.06832966666666668, 0.04644383333333333, 0.04204353333333333, 0.10006036666666666, 0.037261699999999995, 0.038738133333333334, 0.036310699999999994, 0.02664036666666666, 0.03802666666666667, 0.056261366666666666, 0.07882476666666668, 0.06127293333333334, 0.027949766666666667, 0.02412516666666667, 0.04842310000000002, 0.028082, 0.0396973, 0.04435229999999999, 0.04002580000000001, 0.04377556666666666, 0.039114033333333326, 0.0329112, 0.031197766666666668, 0.02205963333333334, 0.029176099999999993, 0.032249933333333335, 0.03238359999999999, 0.022330966666666667, 0.029831433333333338, 0.0446664, 0.034860433333333336, 0.037069566666666665, 0.027346666666666658, 0.045357033333333324, 0.0427991], [0.07755613333333335, 0.07959409999999999, 0.07487490000000001, 0.07113756666666665, 0.07126873333333333, 0.04380110000000001, 0.048327733333333324, 0.036405966666666664, 0.08282756666666666, 0.0749277, 0.08525136666666666, 0.0, 0.03985003333333333, 0.055011133333333344, 0.033845266666666665, 0.061516633333333334, 0.024173000000000004, 0.0400008, 0.05081136666666666, 0.01996983333333333, 0.0291116, 0.027748566666666665, 0.046679799999999994, 0.028163899999999995, 0.0377656, 0.04819829999999999, 0.049680300000000004, 0.0402637, 0.040834633333333335, 0.03731320000000001, 0.026823633333333336, 0.021257799999999993, 0.031101233333333332, 0.034265800000000006, 0.03591476666666667, 0.03608416666666667, 0.04193683333333334, 0.05193606666666664, 0.027924733333333333, 0.019285233333333332, 0.0311508, 0.031105866666666666, 0.03235283333333334, 0.04301023333333332, 0.031969633333333324, 0.03951620000000001, 0.027076066666666666, 0.027320666666666663, 0.03232926666666667, 0.02787323333333333], [0.024159533333333337, 0.032452, 0.03582719999999999, 0.04418106666666667, 0.02973373333333334, 0.032375966666666665, 0.06063966666666666, 0.0292151, 0.034168899999999995, 0.05715833333333334, 0.042155533333333335, 0.03985003333333333, 0.0, 0.04554359999999999, 0.03619743333333333, 0.03546253333333334, 0.03288196666666667, 0.03593383333333333, 0.040521533333333325, 0.03586573333333334, 0.028784300000000002, 0.032464133333333325, 0.030963799999999996, 0.03615296666666667, 0.038471566666666665, 0.028915766666666665, 0.030446400000000002, 0.026258533333333323, 0.0438096, 0.03313306666666666, 0.03900163333333332, 0.029415866666666672, 0.04248269999999999, 0.0350093, 0.0297, 0.04036229999999999, 0.031120999999999992, 0.035412633333333346, 0.039645266666666665, 0.028493, 0.044580133333333334, 0.04557740000000001, 0.034462866666666675, 0.04059236666666667, 0.04062996666666666, 0.04690233333333333, 0.031639499999999994, 0.03749793333333334, 0.030236166666666668, 0.03809543333333334], [0.08659876666666666, 0.09393413333333334, 0.07959166666666667, 0.07086466666666666, 0.06075283333333334, 0.09382136666666666, 0.09917000000000005, 0.09205590000000001, 0.0706820666666667, 0.07649943333333334, 0.06651313333333335, 0.055011133333333344, 0.04554359999999999, 0.0, 0.03985553333333333, 0.05591003333333334, 0.028728399999999998, 0.030293833333333336, 0.04523613333333334, 0.06626050000000001, 0.0565153, 0.03712213333333334, 0.0375218, 0.02973686666666667, 0.03791516666666666, 0.027797433333333333, 0.05151716666666666, 0.049496200000000004, 0.03171573333333333, 0.01646036666666667, 0.03422706666666667, 0.04925333333333333, 0.04723753333333333, 0.05229613333333333, 0.04571246666666665, 0.03678419999999999, 0.03751163333333333, 0.020871766666666666, 0.035861333333333335, 0.04024416666666666, 0.04642956666666665, 0.04411663333333333, 0.03938623333333333, 0.026324933333333335, 0.0482757, 0.03444019999999999, 0.037060466666666673, 0.04351663333333334, 0.017554833333333335, 0.031292400000000005], [0.06178943333333334, 0.06974896666666668, 0.0440163, 0.05456180000000001, 0.051357599999999996, 0.0641228, 0.054404200000000014, 0.04834229999999999, 0.03624486666666667, 0.037236500000000006, 0.04724453333333334, 0.033845266666666665, 0.03619743333333333, 0.03985553333333333, 0.0, 0.03142770000000001, 0.04011513333333332, 0.04989333333333334, 0.036588499999999996, 0.0468932, 0.05488499999999999, 0.022654966666666672, 0.03943413333333334, 0.03671693333333333, 0.039560133333333344, 0.04117739999999999, 0.04035043333333334, 0.03793946666666668, 0.02643056666666666, 0.058104266666666675, 0.04239110000000001, 0.026532833333333325, 0.031301866666666664, 0.02854203333333333, 0.04621990000000001, 0.03619433333333334, 0.06612849999999999, 0.033419866666666666, 0.014843366666666668, 0.0390226, 0.031117199999999994, 0.04248503333333334, 0.03467583333333333, 0.03765460000000001, 0.044499399999999995, 0.03103383333333334, 0.022833066666666672, 0.0263323, 0.03901706666666666, 0.023130699999999997], [0.07457513333333333, 0.07258429999999998, 0.07434613333333334, 0.1059142, 0.062313866666666655, 0.06531210000000001, 0.059109566666666676, 0.033129366666666674, 0.06865656666666668, 0.07086999999999999, 0.06832966666666668, 0.061516633333333334, 0.03546253333333334, 0.05591003333333334, 0.03142770000000001, 0.0, 0.053281333333333326, 0.03584313333333333, 0.04221136666666665, 0.030920633333333336, 0.03484776666666666, 0.03375846666666666, 0.04023073333333334, 0.02679626666666667, 0.046504699999999996, 0.05989503333333333, 0.035887633333333335, 0.02735993333333333, 0.03435499999999999, 0.04939656666666668, 0.039883966666666666, 0.031163999999999997, 0.018580233333333335, 0.03595166666666667, 0.03808756666666666, 0.05648536666666667, 0.0307036, 0.03183350000000001, 0.039362999999999995, 0.044537633333333326, 0.02804733333333333, 0.0285339, 0.031957099999999995, 0.02571986666666667, 0.03547143333333333, 0.0421806, 0.03734456666666667, 0.0284449, 0.037477266666666675, 0.051865833333333326], [0.05378086666666667, 0.04523963333333333, 0.038039866666666665, 0.042154233333333326, 0.04979483333333334, 0.0380885, 0.030103233333333333, 0.030206666666666663, 0.05106266666666667, 0.0282175, 0.04644383333333333, 0.024173000000000004, 0.03288196666666667, 0.028728399999999998, 0.04011513333333332, 0.053281333333333326, 0.0, 0.037301666666666664, 0.020191733333333337, 0.03757456666666666, 0.036903866666666674, 0.04820023333333334, 0.038867500000000006, 0.03367803333333334, 0.03825140000000001, 0.022941933333333338, 0.049278800000000005, 0.0422741, 0.026871099999999995, 0.0329656, 0.027750733333333336, 0.04368146666666666, 0.031039899999999992, 0.03586449999999998, 0.052286700000000005, 0.029635266666666663, 0.02180146666666667, 0.0420736, 0.0413381, 0.044541066666666664, 0.03421056666666667, 0.04382316666666667, 0.0277508, 0.046823733333333326, 0.046888433333333326, 0.03802490000000001, 0.04758433333333333, 0.03292610000000001, 0.028126933333333326, 0.04375783333333333], [0.04607743333333334, 0.028630466666666663, 0.02766666666666667, 0.030344166666666665, 0.06027669999999999, 0.029752400000000005, 0.04045719999999999, 0.046883566666666675, 0.025733133333333335, 0.0427072, 0.04204353333333333, 0.0400008, 0.03593383333333333, 0.030293833333333336, 0.04989333333333334, 0.03584313333333333, 0.037301666666666664, 0.0, 0.02525216666666667, 0.03282753333333334, 0.0351992, 0.023437900000000005, 0.0326223, 0.030537766666666667, 0.038132233333333335, 0.03558390000000001, 0.027697366666666664, 0.042123066666666674, 0.0192689, 0.04048076666666666, 0.026237666666666666, 0.040994833333333335, 0.036722, 0.031236666666666673, 0.019400566666666667, 0.021829233333333333, 0.03061306666666667, 0.038197166666666664, 0.027849900000000004, 0.0339834, 0.037075833333333336, 0.02377006666666667, 0.028862399999999993, 0.0335805, 0.03824246666666667, 0.03361796666666668, 0.030968533333333333, 0.03725493333333333, 0.03043353333333333, 0.039743999999999995], [0.04990796666666665, 0.07423696666666665, 0.05812860000000001, 0.06333933333333333, 0.045315566666666675, 0.040725166666666666, 0.055867833333333325, 0.05713860000000001, 0.04257859999999999, 0.030074266666666658, 0.10006036666666666, 0.05081136666666666, 0.040521533333333325, 0.04523613333333334, 0.036588499999999996, 0.04221136666666665, 0.020191733333333337, 0.02525216666666667, 0.0, 0.042209800000000006, 0.03229133333333334, 0.037741366666666665, 0.040277166666666656, 0.03487196666666666, 0.03350296666666667, 0.04171593333333333, 0.02897363333333333, 0.04096276666666667, 0.03617176666666667, 0.03463396666666667, 0.0311158, 0.0345629, 0.0318534, 0.03484926666666667, 0.040879266666666664, 0.04686513333333332, 0.021924100000000005, 0.040824066666666665, 0.036177133333333326, 0.0751662, 0.03837946666666667, 0.026604533333333336, 0.040335033333333346, 0.0213736, 0.022694533333333333, 0.030358833333333328, 0.04824093333333335, 0.02638376666666667, 0.043309499999999994, 0.03963966666666666], [0.055169933333333344, 0.06381016666666667, 0.055034999999999994, 0.050060900000000005, 0.048692933333333334, 0.07359676666666667, 0.06932246666666665, 0.05795443333333332, 0.042261899999999984, 0.08958303333333334, 0.037261699999999995, 0.01996983333333333, 0.03586573333333334, 0.06626050000000001, 0.0468932, 0.030920633333333336, 0.03757456666666666, 0.03282753333333334, 0.042209800000000006, 0.0, 0.044905900000000006, 0.035352733333333344, 0.03212516666666667, 0.04868310000000001, 0.03638500000000001, 0.034512766666666674, 0.032674433333333336, 0.027454933333333334, 0.036197700000000006, 0.02998746666666667, 0.039561, 0.04835963333333333, 0.03923103333333333, 0.02662276666666667, 0.036998366666666664, 0.021460033333333326, 0.034919233333333334, 0.02390343333333333, 0.044028933333333325, 0.07096233333333334, 0.044686399999999994, 0.044307766666666665, 0.03356836666666666, 0.027344100000000003, 0.044962066666666675, 0.02144026666666667, 0.03377023333333333, 0.046525466666666675, 0.044585133333333325, 0.02307163333333333], [0.05840680000000001, 0.04308716666666666, 0.08832183333333331, 0.05320066666666665, 0.04161526666666667, 0.05995796666666666, 0.0662629, 0.047484866666666674, 0.04429210000000001, 0.044795533333333346, 0.038738133333333334, 0.0291116, 0.028784300000000002, 0.0565153, 0.05488499999999999, 0.03484776666666666, 0.036903866666666674, 0.0351992, 0.03229133333333334, 0.044905900000000006, 0.0, 0.034790133333333334, 0.048975633333333345, 0.0358435, 0.03942136666666667, 0.03858573333333334, 0.02917543333333334, 0.028238266666666664, 0.04841673333333336, 0.01685576666666666, 0.03788653333333334, 0.037046699999999995, 0.015134966666666666, 0.03093710000000001, 0.03543523333333333, 0.03412093333333333, 0.016540666666666672, 0.032847933333333336, 0.03562326666666667, 0.0246116, 0.0250283, 0.03837683333333333, 0.026818833333333333, 0.03642936666666666, 0.03484443333333333, 0.0402796, 0.04644966666666665, 0.037413900000000014, 0.023778900000000002, 0.033177566666666665], [0.025413500000000002, 0.02754263333333334, 0.01934616666666667, 0.01788836666666667, 0.03251656666666667, 0.027324966666666665, 0.04081563333333333, 0.027278700000000006, 0.0394341, 0.03169603333333333, 0.036310699999999994, 0.027748566666666665, 0.032464133333333325, 0.03712213333333334, 0.022654966666666672, 0.03375846666666666, 0.04820023333333334, 0.023437900000000005, 0.037741366666666665, 0.035352733333333344, 0.034790133333333334, 0.0, 0.03574513333333333, 0.037946, 0.035459599999999994, 0.0433493, 0.052616033333333354, 0.02572366666666667, 0.03283343333333333, 0.022136133333333335, 0.041776400000000005, 0.026669633333333335, 0.03202996666666666, 0.0332301, 0.03025716666666667, 0.027098600000000004, 0.0365229, 0.028017733333333336, 0.03202200000000001, 0.03179616666666665, 0.03937140000000001, 0.036623666666666665, 0.05100176666666666, 0.0503266, 0.04030516666666668, 0.03134523333333333, 0.04072406666666667, 0.037231233333333336, 0.035933799999999995, 0.03679376666666668], [0.03597086666666667, 0.04298909999999999, 0.03606760000000001, 0.03905200000000001, 0.03382503333333333, 0.03726293333333333, 0.038471500000000006, 0.03462523333333333, 0.05390366666666667, 0.03920153333333333, 0.02664036666666666, 0.046679799999999994, 0.030963799999999996, 0.0375218, 0.03943413333333334, 0.04023073333333334, 0.038867500000000006, 0.0326223, 0.040277166666666656, 0.03212516666666667, 0.048975633333333345, 0.03574513333333333, 0.0, 0.02965883333333333, 0.02388786666666667, 0.03333066666666666, 0.02915186666666667, 0.03658103333333334, 0.025273766666666662, 0.0268548, 0.02114653333333333, 0.0364696, 0.029578466666666674, 0.0311595, 0.046838733333333334, 0.039593633333333336, 0.052564900000000005, 0.042812933333333324, 0.04098366666666667, 0.03530389999999999, 0.021671233333333335, 0.04893956666666666, 0.047366766666666664, 0.04367003333333334, 0.04177233333333333, 0.02902176666666667, 0.020787533333333337, 0.040362866666666664, 0.02787313333333333, 0.03469956666666666], [0.04678656666666666, 0.035111100000000006, 0.0410818, 0.022792099999999996, 0.047562066666666666, 0.03210396666666667, 0.044447099999999996, 0.037077200000000005, 0.02249573333333333, 0.03106803333333334, 0.03802666666666667, 0.028163899999999995, 0.03615296666666667, 0.02973686666666667, 0.03671693333333333, 0.02679626666666667, 0.03367803333333334, 0.030537766666666667, 0.03487196666666666, 0.04868310000000001, 0.0358435, 0.037946, 0.02965883333333333, 0.0, 0.024389766666666667, 0.03680026666666667, 0.033531033333333335, 0.03922503333333333, 0.04328556666666668, 0.0155158, 0.028339033333333333, 0.03060026666666667, 0.044652000000000004, 0.045319433333333325, 0.03224746666666667, 0.0465457, 0.043418366666666666, 0.03817029999999999, 0.04477896666666667, 0.040014133333333333, 0.03865646666666666, 0.04348946666666666, 0.039942, 0.031886866666666666, 0.04373906666666666, 0.027135899999999994, 0.0233879, 0.05074293333333334, 0.04138363333333332, 0.032247700000000004], [0.04094553333333333, 0.0359623, 0.026368233333333334, 0.038435833333333336, 0.040221466666666664, 0.04256743333333334, 0.034517566666666666, 0.026406733333333335, 0.03448659999999999, 0.05610306666666665, 0.056261366666666666, 0.0377656, 0.038471566666666665, 0.03791516666666666, 0.039560133333333344, 0.046504699999999996, 0.03825140000000001, 0.038132233333333335, 0.03350296666666667, 0.03638500000000001, 0.03942136666666667, 0.035459599999999994, 0.02388786666666667, 0.024389766666666667, 0.0, 0.038679000000000005, 0.020947666666666663, 0.0316003, 0.03398346666666667, 0.023143866666666665, 0.03756203333333333, 0.03767113333333333, 0.03806883333333333, 0.046063700000000006, 0.041417233333333324, 0.035208800000000005, 0.012857466666666666, 0.05054426666666666, 0.03114686666666667, 0.046137399999999995, 0.020333900000000002, 0.034565366666666666, 0.040536033333333325, 0.02584726666666667, 0.04188900000000001, 0.033088733333333335, 0.039940233333333325, 0.028752800000000002, 0.023283533333333335, 0.03942743333333333], [0.06589056666666668, 0.044589900000000016, 0.059889599999999994, 0.0719397, 0.0346923, 0.059109666666666665, 0.042164766666666666, 0.06903556666666667, 0.06539006666666668, 0.02757046666666667, 0.07882476666666668, 0.04819829999999999, 0.028915766666666665, 0.027797433333333333, 0.04117739999999999, 0.05989503333333333, 0.022941933333333338, 0.03558390000000001, 0.04171593333333333, 0.034512766666666674, 0.03858573333333334, 0.0433493, 0.03333066666666666, 0.03680026666666667, 0.038679000000000005, 0.0, 0.032602366666666674, 0.039937933333333335, 0.04999463333333333, 0.043015366666666666, 0.029900599999999996, 0.026181333333333334, 0.041664466666666664, 0.03407346666666666, 0.04172733333333334, 0.03387129999999999, 0.029956766666666666, 0.03863956666666666, 0.028899166666666663, 0.03216463333333333, 0.0411348, 0.036524633333333334, 0.0443959, 0.04373836666666667, 0.04038853333333333, 0.03500516666666667, 0.038319933333333334, 0.020628233333333336, 0.031702966666666665, 0.055345899999999996], [0.03322843333333333, 0.05818456666666667, 0.052132433333333346, 0.034526633333333334, 0.05867116666666667, 0.06901856666666666, 0.022822899999999997, 0.04117, 0.06065383333333334, 0.059603233333333325, 0.06127293333333334, 0.049680300000000004, 0.030446400000000002, 0.05151716666666666, 0.04035043333333334, 0.035887633333333335, 0.049278800000000005, 0.027697366666666664, 0.02897363333333333, 0.032674433333333336, 0.02917543333333334, 0.052616033333333354, 0.02915186666666667, 0.033531033333333335, 0.020947666666666663, 0.032602366666666674, 0.0, 0.023213833333333333, 0.04228846666666666, 0.02391386666666667, 0.03617736666666666, 0.046993466666666664, 0.035241033333333324, 0.03288623333333333, 0.03057786666666667, 0.028542133333333334, 0.0370153, 0.042189066666666664, 0.022076033333333342, 0.030051833333333326, 0.023772533333333335, 0.0238411, 0.04602436666666666, 0.03511553333333333, 0.023276799999999997, 0.03577759999999999, 0.04336290000000001, 0.03686883333333334, 0.04669079999999999, 0.04142093333333334], [0.03711116666666667, 0.04239076666666668, 0.026885333333333334, 0.03256153333333332, 0.04231946666666667, 0.040517300000000006, 0.0365721, 0.03746906666666666, 0.03638516666666666, 0.0154541, 0.027949766666666667, 0.0402637, 0.026258533333333323, 0.049496200000000004, 0.03793946666666668, 0.02735993333333333, 0.0422741, 0.042123066666666674, 0.04096276666666667, 0.027454933333333334, 0.028238266666666664, 0.02572366666666667, 0.03658103333333334, 0.03922503333333333, 0.0316003, 0.039937933333333335, 0.023213833333333333, 0.0, 0.031461666666666666, 0.037362733333333335, 0.040581800000000015, 0.03068746666666667, 0.02693296666666667, 0.04945536666666665, 0.05081326666666666, 0.029621733333333327, 0.0325335, 0.042975066666666666, 0.03618076666666666, 0.03624036666666666, 0.04487783333333333, 0.0466762, 0.04929286666666667, 0.025959666666666666, 0.04931723333333334, 0.04815860000000001, 0.02542066666666667, 0.03799980000000001, 0.025936233333333326, 0.040449900000000004], [0.030953166666666667, 0.04049619999999998, 0.02603256666666667, 0.031868966666666665, 0.016831066666666665, 0.03035576666666667, 0.024836766666666663, 0.02135676666666667, 0.03904656666666666, 0.03297046666666666, 0.02412516666666667, 0.040834633333333335, 0.0438096, 0.03171573333333333, 0.02643056666666666, 0.03435499999999999, 0.026871099999999995, 0.0192689, 0.03617176666666667, 0.036197700000000006, 0.04841673333333336, 0.03283343333333333, 0.025273766666666662, 0.04328556666666668, 0.03398346666666667, 0.04999463333333333, 0.04228846666666666, 0.031461666666666666, 0.0, 0.04600876666666665, 0.050917800000000006, 0.04128053333333332, 0.053915399999999995, 0.023676433333333333, 0.02877113333333333, 0.05842686666666667, 0.03797243333333334, 0.04620036666666667, 0.03396166666666667, 0.0457093, 0.02866703333333333, 0.05690159999999999, 0.04673683333333333, 0.0427468, 0.03505896666666668, 0.03031716666666667, 0.023450633333333335, 0.039652166666666676, 0.03622623333333333, 0.027445166666666666], [0.046986699999999985, 0.05855236666666668, 0.028457699999999995, 0.03584283333333333, 0.04217213333333334, 0.04223033333333333, 0.04413003333333334, 0.034833699999999995, 0.027454799999999998, 0.023816599999999997, 0.04842310000000002, 0.03731320000000001, 0.03313306666666666, 0.01646036666666667, 0.058104266666666675, 0.04939656666666668, 0.0329656, 0.04048076666666666, 0.03463396666666667, 0.02998746666666667, 0.01685576666666666, 0.022136133333333335, 0.0268548, 0.0155158, 0.023143866666666665, 0.043015366666666666, 0.02391386666666667, 0.037362733333333335, 0.04600876666666665, 0.0, 0.042117666666666664, 0.027190066666666658, 0.043674399999999995, 0.02611506666666667, 0.03243083333333333, 0.03320113333333332, 0.038533333333333336, 0.05772156666666667, 0.04354000000000001, 0.05033946666666666, 0.029310533333333333, 0.05455253333333332, 0.019579666666666665, 0.03632336666666667, 0.025377933333333335, 0.036703, 0.04085946666666667, 0.0434542, 0.030551766666666667, 0.07038946666666668], [0.026428100000000003, 0.03352366666666666, 0.04197756666666666, 0.03274276666666666, 0.05063680000000002, 0.034308866666666674, 0.035988566666666666, 0.012189499999999999, 0.024751500000000006, 0.032124700000000006, 0.028082, 0.026823633333333336, 0.03900163333333332, 0.03422706666666667, 0.04239110000000001, 0.039883966666666666, 0.027750733333333336, 0.026237666666666666, 0.0311158, 0.039561, 0.03788653333333334, 0.041776400000000005, 0.02114653333333333, 0.028339033333333333, 0.03756203333333333, 0.029900599999999996, 0.03617736666666666, 0.040581800000000015, 0.050917800000000006, 0.042117666666666664, 0.0, 0.022005999999999998, 0.023026333333333336, 0.029801566666666664, 0.03767273333333333, 0.0399398, 0.02895536666666667, 0.03489333333333333, 0.0475591, 0.035935933333333316, 0.025475433333333335, 0.0278897, 0.016476033333333334, 0.02331893333333334, 0.05666466666666667, 0.042377233333333326, 0.044427400000000006, 0.03672006666666667, 0.02119696666666666, 0.03221436666666666], [0.07838343333333336, 0.0553275, 0.07783860000000001, 0.06579586666666666, 0.04658179999999999, 0.06509326666666668, 0.055817733333333334, 0.06573216666666669, 0.06916773333333331, 0.06695739999999999, 0.0396973, 0.021257799999999993, 0.029415866666666672, 0.04925333333333333, 0.026532833333333325, 0.031163999999999997, 0.04368146666666666, 0.040994833333333335, 0.0345629, 0.04835963333333333, 0.037046699999999995, 0.026669633333333335, 0.0364696, 0.03060026666666667, 0.03767113333333333, 0.026181333333333334, 0.046993466666666664, 0.03068746666666667, 0.04128053333333332, 0.027190066666666658, 0.022005999999999998, 0.0, 0.038025366666666664, 0.03718580000000001, 0.029477499999999997, 0.0244006, 0.01910463333333333, 0.03817126666666668, 0.02669513333333334, 0.032158, 0.039943533333333336, 0.04075866666666667, 0.0280136, 0.021748566666666667, 0.035645966666666654, 0.0293117, 0.02824256666666666, 0.05030493333333333, 0.031237800000000003, 0.05428116666666667], [0.033481300000000006, 0.0441529, 0.027571266666666667, 0.033276233333333335, 0.03503529999999999, 0.03352966666666667, 0.023212566666666667, 0.04502570000000001, 0.052599999999999994, 0.036510433333333314, 0.04435229999999999, 0.031101233333333332, 0.04248269999999999, 0.04723753333333333, 0.031301866666666664, 0.018580233333333335, 0.031039899999999992, 0.036722, 0.0318534, 0.03923103333333333, 0.015134966666666666, 0.03202996666666666, 0.029578466666666674, 0.044652000000000004, 0.03806883333333333, 0.041664466666666664, 0.035241033333333324, 0.02693296666666667, 0.053915399999999995, 0.043674399999999995, 0.023026333333333336, 0.038025366666666664, 0.0, 0.03013430000000001, 0.041728666666666664, 0.0205599, 0.022540199999999996, 0.03865413333333333, 0.0275596, 0.042655266666666664, 0.041823866666666654, 0.045869466666666664, 0.03923726666666666, 0.04249383333333335, 0.030682633333333337, 0.029363166666666673, 0.030433600000000005, 0.022788433333333337, 0.024191700000000003, 0.024853066666666663], [0.045711100000000005, 0.04453753333333334, 0.03433886666666666, 0.04665303333333332, 0.041271, 0.02774063333333333, 0.03956773333333333, 0.033991066666666674, 0.0318737, 0.03752613333333333, 0.04002580000000001, 0.034265800000000006, 0.0350093, 0.05229613333333333, 0.02854203333333333, 0.03595166666666667, 0.03586449999999998, 0.031236666666666673, 0.03484926666666667, 0.02662276666666667, 0.03093710000000001, 0.0332301, 0.0311595, 0.045319433333333325, 0.046063700000000006, 0.03407346666666666, 0.03288623333333333, 0.04945536666666665, 0.023676433333333333, 0.02611506666666667, 0.029801566666666664, 0.03718580000000001, 0.03013430000000001, 0.0, 0.03725326666666666, 0.023674833333333332, 0.030760933333333334, 0.05356283333333332, 0.023418899999999996, 0.04259453333333333, 0.03328103333333333, 0.03651803333333333, 0.0420132, 0.044929300000000005, 0.045884366666666676, 0.03587606666666667, 0.05491456666666667, 0.0330137, 0.03468276666666667, 0.051391966666666664], [0.0419342, 0.04238710000000001, 0.03317553333333333, 0.03783483333333333, 0.04321226666666667, 0.031635033333333326, 0.037569566666666665, 0.037053199999999994, 0.045660766666666665, 0.03344453333333333, 0.04377556666666666, 0.03591476666666667, 0.0297, 0.04571246666666665, 0.04621990000000001, 0.03808756666666666, 0.052286700000000005, 0.019400566666666667, 0.040879266666666664, 0.036998366666666664, 0.03543523333333333, 0.03025716666666667, 0.046838733333333334, 0.03224746666666667, 0.041417233333333324, 0.04172733333333334, 0.03057786666666667, 0.05081326666666666, 0.02877113333333333, 0.03243083333333333, 0.03767273333333333, 0.029477499999999997, 0.041728666666666664, 0.03725326666666666, 0.0, 0.031665733333333335, 0.0406916, 0.028886633333333328, 0.017793633333333333, 0.049600966666666656, 0.04430120000000001, 0.05337903333333333, 0.03631236666666667, 0.05000829999999999, 0.040084833333333326, 0.031139100000000003, 0.02258913333333333, 0.0404685, 0.03090233333333333, 0.022837533333333337], [0.0405334, 0.0334343, 0.029612733333333332, 0.034800366666666666, 0.0372589, 0.026771800000000002, 0.03285656666666667, 0.03374043333333334, 0.0313592, 0.030756833333333327, 0.039114033333333326, 0.03608416666666667, 0.04036229999999999, 0.03678419999999999, 0.03619433333333334, 0.05648536666666667, 0.029635266666666663, 0.021829233333333333, 0.04686513333333332, 0.021460033333333326, 0.03412093333333333, 0.027098600000000004, 0.039593633333333336, 0.0465457, 0.035208800000000005, 0.03387129999999999, 0.028542133333333334, 0.029621733333333327, 0.05842686666666667, 0.03320113333333332, 0.0399398, 0.0244006, 0.0205599, 0.023674833333333332, 0.031665733333333335, 0.0, 0.03282999999999999, 0.04697706666666666, 0.04518203333333333, 0.02871046666666667, 0.0263673, 0.03861253333333333, 0.025574666666666666, 0.04958886666666667, 0.04819703333333334, 0.021340900000000003, 0.03656713333333335, 0.036352899999999994, 0.044028333333333336, 0.029102866666666668], [0.05807596666666667, 0.033785133333333335, 0.035982600000000003, 0.04861936666666667, 0.03662773333333334, 0.0301564, 0.042544066666666665, 0.04492989999999999, 0.029706099999999996, 0.04208566666666667, 0.0329112, 0.04193683333333334, 0.031120999999999992, 0.03751163333333333, 0.06612849999999999, 0.0307036, 0.02180146666666667, 0.03061306666666667, 0.021924100000000005, 0.034919233333333334, 0.016540666666666672, 0.0365229, 0.052564900000000005, 0.043418366666666666, 0.012857466666666666, 0.029956766666666666, 0.0370153, 0.0325335, 0.03797243333333334, 0.038533333333333336, 0.02895536666666667, 0.01910463333333333, 0.022540199999999996, 0.030760933333333334, 0.0406916, 0.03282999999999999, 0.0, 0.0343489, 0.034662633333333324, 0.037396399999999996, 0.042906266666666665, 0.04232153333333333, 0.04001890000000001, 0.03816403333333334, 0.04758633333333334, 0.03763323333333333, 0.026083199999999997, 0.021852100000000003, 0.02711506666666667, 0.0473879], [0.023325333333333333, 0.03418786666666666, 0.03903963333333334, 0.02964546666666667, 0.019752866666666664, 0.028362133333333327, 0.0296212, 0.02914203333333333, 0.027576866666666658, 0.028676566666666667, 0.031197766666666668, 0.05193606666666664, 0.035412633333333346, 0.020871766666666666, 0.033419866666666666, 0.03183350000000001, 0.0420736, 0.038197166666666664, 0.040824066666666665, 0.02390343333333333, 0.032847933333333336, 0.028017733333333336, 0.042812933333333324, 0.03817029999999999, 0.05054426666666666, 0.03863956666666666, 0.042189066666666664, 0.042975066666666666, 0.04620036666666667, 0.05772156666666667, 0.03489333333333333, 0.03817126666666668, 0.03865413333333333, 0.05356283333333332, 0.028886633333333328, 0.04697706666666666, 0.0343489, 0.0, 0.041951066666666675, 0.029526299999999995, 0.053954266666666674, 0.0418812, 0.03168053333333334, 0.028961033333333337, 0.026547733333333327, 0.029764500000000003, 0.038419266666666674, 0.04249443333333333, 0.035971366666666664, 0.0353558], [0.03353606666666667, 0.026376766666666666, 0.04416743333333334, 0.04208843333333333, 0.04494173333333334, 0.031956733333333334, 0.02121803333333334, 0.0499733, 0.04543256666666667, 0.038627666666666664, 0.02205963333333334, 0.027924733333333333, 0.039645266666666665, 0.035861333333333335, 0.014843366666666668, 0.039362999999999995, 0.0413381, 0.027849900000000004, 0.036177133333333326, 0.044028933333333325, 0.03562326666666667, 0.03202200000000001, 0.04098366666666667, 0.04477896666666667, 0.03114686666666667, 0.028899166666666663, 0.022076033333333342, 0.03618076666666666, 0.03396166666666667, 0.04354000000000001, 0.0475591, 0.02669513333333334, 0.0275596, 0.023418899999999996, 0.017793633333333333, 0.04518203333333333, 0.034662633333333324, 0.041951066666666675, 0.0, 0.02253173333333334, 0.031249366666666667, 0.029125866666666667, 0.04296096666666667, 0.046077933333333335, 0.0348553, 0.034268700000000006, 0.0366381, 0.03297393333333334, 0.028060000000000005, 0.04120543333333333], [0.0357076, 0.03313226666666667, 0.027213299999999996, 0.05291703333333333, 0.03545353333333333, 0.023890099999999997, 0.034107433333333326, 0.03883286666666667, 0.04546683333333334, 0.03540016666666666, 0.029176099999999993, 0.019285233333333332, 0.028493, 0.04024416666666666, 0.0390226, 0.044537633333333326, 0.044541066666666664, 0.0339834, 0.0751662, 0.07096233333333334, 0.0246116, 0.03179616666666665, 0.03530389999999999, 0.040014133333333333, 0.046137399999999995, 0.03216463333333333, 0.030051833333333326, 0.03624036666666666, 0.0457093, 0.05033946666666666, 0.035935933333333316, 0.032158, 0.042655266666666664, 0.04259453333333333, 0.049600966666666656, 0.02871046666666667, 0.037396399999999996, 0.029526299999999995, 0.02253173333333334, 0.0, 0.032572066666666656, 0.04198653333333334, 0.06045576666666668, 0.04528530000000001, 0.04875020000000001, 0.029065300000000002, 0.04344170000000001, 0.030395599999999995, 0.0500652, 0.047633400000000006], [0.0214553, 0.031958400000000005, 0.03334156666666666, 0.027154, 0.02940936666666667, 0.03738663333333333, 0.039468333333333334, 0.