[[0.0, 0.14646110000000004, 0.06491586666666666, 0.02656186666666667, 0.04636230000000001, 0.04176863333333333, 0.0492625, 0.03181823333333333, 0.04201449999999999, 0.047004166666666666, 0.04807363333333333, 0.02614866666666666, 0.04369273333333334, 0.04221419999999999, 0.05409256666666667, 0.0550975, 0.04659323333333334, 0.02632586666666667, 0.0418176, 0.03643496666666666, 0.05285296666666666, 0.050723599999999994, 0.04321459999999999, 0.03245623333333333, 0.029203833333333335, 0.045478066666666664, 0.04977036666666668, 0.04911156666666666, 0.05166893333333333, 0.043676566666666666, 0.05754446666666667, 0.05754010000000001, 0.07026346666666668, 0.036539066666666696, 0.029318833333333336, 0.045460433333333335, 0.0486737, 0.04000050000000001, 0.07699553333333332, 0.04776083333333333, 0.0711487, 0.03965643333333334, 0.03855320000000001, 0.0313162, 0.037473233333333335, 0.03776170000000001, 0.027609866666666663, 0.04361556666666666, 0.05154806666666666, 0.03690156666666666], [0.14646110000000004, 0.0, 0.16645790000000002, 0.08332643333333335, 0.02894516666666667, 0.06017893333333334, 0.04950106666666667, 0.04630519999999999, 0.057679666666666685, 0.0398127, 0.03877773333333333, 0.029746800000000004, 0.04214633333333332, 0.03599563333333334, 0.033052500000000005, 0.06880239999999999, 0.05204363333333334, 0.027147433333333332, 0.05791843333333335, 0.04189383333333334, 0.03890896666666667, 0.044545466666666665, 0.0521548, 0.07066373333333335, 0.055251999999999996, 0.061736566666666666, 0.06788093333333334, 0.045535099999999995, 0.07399313333333334, 0.05086913333333332, 0.060844933333333316, 0.033016133333333336, 0.03942083333333332, 0.05285186666666668, 0.044249833333333335, 0.07187176666666668, 0.06252046666666668, 0.05257873333333333, 0.06166549999999998, 0.044582100000000006, 0.05513216666666668, 0.04018543333333333, 0.06371039999999999, 0.05803316666666668, 0.03464236666666666, 0.040534099999999997, 0.05101223333333333, 0.07184570000000001, 0.034038766666666664, 0.04508023333333333], [0.06491586666666666, 0.16645790000000002, 0.0, 0.1396861, 0.03199403333333333, 0.05335050000000001, 0.045317733333333346, 0.07910206666666665, 0.03777136666666666, 0.03626686666666667, 0.03417996666666666, 0.046777266666666664, 0.06177943333333333, 0.04358766666666666, 0.05166916666666667, 0.06479036666666667, 0.032851, 0.019816400000000012, 0.028261833333333337, 0.04202873333333333, 0.05956063333333332, 0.049297200000000006, 0.06373666666666668, 0.07747003333333333, 0.04357676666666666, 0.04793879999999999, 0.06601176666666665, 0.03211986666666666, 0.07097939999999998, 0.052139966666666676, 0.06049583333333333, 0.0478156, 0.03517089999999999, 0.0395623, 0.04864096666666667, 0.08357193333333333, 0.0795614, 0.05303496666666667, 0.05296850000000001, 0.029915200000000003, 0.05514086666666666, 0.035342133333333345, 0.051001933333333326, 0.045966033333333337, 0.03922516666666667, 0.043121933333333334, 0.054982133333333336, 0.0479469, 0.033216999999999997, 0.036740199999999994], [0.02656186666666667, 0.08332643333333335, 0.1396861, 0.0, 0.10974446666666662, 0.0647896, 0.0789573, 0.04860399999999999, 0.03809600000000001, 0.03954563333333332, 0.04709946666666666, 0.023673366666666668, 0.06336843333333333, 0.05216709999999999, 0.035503066666666666, 0.032313166666666664, 0.04219053333333333, 0.03641116666666666, 0.06176636666666666, 0.031293066666666675, 0.04853373333333333, 0.04314856666666668, 0.0480271, 0.05065413333333332, 0.0399952, 0.040782533333333336, 0.056785699999999995, 0.04832200000000002, 0.07102896666666665, 0.027959000000000008, 0.036907466666666666, 0.034821333333333336, 0.049555400000000006, 0.0405489, 0.04009513333333334, 0.05114383333333333, 0.03279443333333334, 0.05259883333333334, 0.03010003333333333, 0.04451396666666666, 0.0463372, 0.0330246, 0.05377956666666666, 0.03546903333333333, 0.029642300000000007, 0.057638733333333324, 0.02577526666666667, 0.04219240000000001, 0.03060766666666667, 0.06956530000000001], [0.04636230000000001, 0.02894516666666667, 0.03199403333333333, 0.10974446666666662, 0.0, 0.20945519999999992, 0.08913216666666667, 0.0554306, 0.03416686666666666, 0.0367643, 0.022933533333333336, 0.04457346666666667, 0.037734566666666663, 0.04825153333333333, 0.042607866666666674, 0.0294271, 0.03672796666666667, 0.03257123333333333, 0.022357099999999994, 0.03019916666666667, 0.0348029, 0.04126373333333334, 0.03243946666666666, 0.029134333333333328, 0.027264533333333334, 0.022112200000000002, 0.031116800000000007, 0.0451583, 0.045386766666666654, 0.0655105, 0.03880233333333333, 0.02813183333333333, 0.04802306666666667, 0.03797203333333333, 0.06222643333333334, 0.035282133333333326, 0.052632266666666656, 0.03244166666666666, 0.04585109999999999, 0.04149133333333333, 0.05792576666666667, 0.03350773333333334, 0.08159386666666667, 0.03164563333333334, 0.02662693333333333, 0.058138300000000004, 0.03783326666666667, 0.0657266, 0.027341499999999998, 0.03763933333333334], [0.04176863333333333, 0.06017893333333334, 0.05335050000000001, 0.0647896, 0.20945519999999992, 0.0, 0.16394856666666663, 0.06021843333333333, 0.054876633333333334, 0.0461606, 0.036683866666666676, 0.033275033333333336, 0.05745690000000001, 0.04213573333333332, 0.040359900000000004, 0.028533166666666672, 0.028680866666666673, 0.030821199999999997, 0.023477966666666666, 0.02865646666666667, 0.033172999999999994, 0.032326133333333326, 0.05411013333333333, 0.051815233333333335, 0.029567366666666664, 0.03338483333333332, 0.04162553333333333, 0.04659853333333334, 0.09758980000000003, 0.06398836666666664, 0.05428680000000001, 0.041225966666666676, 0.03499716666666667, 0.04289856666666666, 0.0632502, 0.07009293333333333, 0.05585326666666665, 0.029782133333333335, 0.059067533333333345, 0.05151126666666667, 0.052475866666666676, 0.04482980000000002, 0.07720996666666666, 0.0336039, 0.031949, 0.04222760000000002, 0.06504456666666668, 0.051822533333333344, 0.032055866666666676, 0.03893886666666666], [0.0492625, 0.04950106666666667, 0.045317733333333346, 0.0789573, 0.08913216666666667, 0.16394856666666663, 0.0, 0.15889986666666667, 0.06786093333333333, 0.04881506666666667, 0.04505936666666666, 0.05202283333333334, 0.05923183333333333, 0.03223653333333334, 0.042370066666666664, 0.02050173333333333, 0.02801233333333333, 0.03656019999999999, 0.03836320000000001, 0.0302265, 0.060307799999999995, 0.0463006, 0.0426399, 0.05354393333333333, 0.04912006666666668, 0.04532130000000001, 0.06587966666666668, 0.04320253333333334, 0.05138623333333334, 0.027338733333333334, 0.032755299999999994, 0.06117860000000001, 0.040202566666666675, 0.0322192, 0.01647863333333333, 0.04985103333333334, 0.054643866666666666, 0.027192733333333337, 0.04970063333333333, 0.05477026666666667, 0.03199083333333333, 0.044854366666666666, 0.042303833333333346, 0.0393419, 0.046669166666666664, 0.041490000000000006, 0.03944929999999998, 0.0339186, 0.032931699999999994, 0.06470656666666665], [0.03181823333333333, 0.04630519999999999, 0.07910206666666665, 0.04860399999999999, 0.0554306, 0.06021843333333333, 0.15889986666666667, 0.0, 0.1922479, 0.0879788, 0.033089933333333335, 0.04965373333333333, 0.060753233333333344, 0.051975266666666665, 0.03912716666666667, 0.0366501, 0.031776066666666665, 0.027375266666666658, 0.061526600000000015, 0.0238783, 0.04967146666666666, 0.03152866666666666, 0.041134533333333334, 0.06192966666666666, 0.06532299999999999, 0.07973223333333332, 0.06416809999999999, 0.05474593333333334, 0.040087866666666666, 0.03819613333333333, 0.039357600000000006, 0.053885, 0.046854700000000006, 0.03967773333333333, 0.05049026666666667, 0.025488166666666666, 0.03671613333333333, 0.052057299999999994, 0.05806946666666667, 0.05280106666666667, 0.03611283333333334, 0.047324766666666664, 0.043064933333333326, 0.05841053333333334, 0.055107966666666675, 0.04440323333333334, 0.04157176666666666, 0.0419536, 0.0304321, 0.05277636666666666], [0.04201449999999999, 0.057679666666666685, 0.03777136666666666, 0.03809600000000001, 0.03416686666666666, 0.054876633333333334, 0.06786093333333333, 0.1922479, 0.0, 0.15194680000000005, 0.04249823333333332, 0.044963733333333325, 0.034414266666666665, 0.04931110000000001, 0.0545551, 0.036609933333333324, 0.043378633333333326, 0.05112800000000001, 0.05694503333333332, 0.03320029999999999, 0.03366786666666667, 0.024842833333333335, 0.042591533333333334, 0.04873049999999999, 0.05395386666666667, 0.0576576, 0.05927519999999999, 0.04757706666666665, 0.046976, 0.029276566666666677, 0.04079096666666667, 0.0333862, 0.04262133333333333, 0.05228093333333333, 0.036964133333333336, 0.03579349999999999, 0.057418266666666676, 0.04580863333333334, 0.06858496666666666, 0.06288943333333334, 0.06382583333333333, 0.03921636666666666, 0.06654103333333333, 0.062374733333333335, 0.04771059999999999, 0.03920763333333334, 0.04967499999999999, 0.04089553333333334, 0.0358683, 0.06615243333333332], [0.047004166666666666, 0.0398127, 0.03626686666666667, 0.03954563333333332, 0.0367643, 0.0461606, 0.04881506666666667, 0.0879788, 0.15194680000000005, 0.0, 0.12011473333333332, 0.05882766666666667, 0.03800269999999999, 0.0523155, 0.04553326666666667, 0.0353093, 0.03785356666666666, 0.04739946666666667, 0.059028599999999994, 0.0331258, 0.04002659999999999, 0.032803100000000016, 0.04311603333333333, 0.052434133333333334, 0.05401363333333334, 0.07130613333333334, 0.07040866666666666, 0.08037143333333335, 0.04769143333333333, 0.027346766666666664, 0.04366133333333333, 0.04397250000000001, 0.041449133333333346, 0.05796506666666666, 0.044609499999999996, 0.05413753333333334, 0.06134506666666667, 0.03849793333333333, 0.03373616666666668, 0.0603756, 0.044393466666666666, 0.02605316666666667, 0.04726073333333332, 0.050224633333333324, 0.0417321, 0.03085763333333333, 0.05225, 0.045120966666666665, 0.03940880000000001, 0.04188553333333332], [0.04807363333333333, 0.03877773333333333, 0.03417996666666666, 0.04709946666666666, 0.022933533333333336, 0.036683866666666676, 0.04505936666666666, 0.033089933333333335, 0.04249823333333332, 0.12011473333333332, 0.0, 0.11641799999999998, 0.05317456666666668, 0.06371740000000002, 0.04094826666666666, 0.041703300000000006, 0.04673786666666667, 0.04983773333333333, 0.05420813333333333, 0.03589830000000001, 0.027039799999999996, 0.038778433333333334, 0.048339733333333336, 0.03462196666666667, 0.0507571, 0.0706016, 0.06032576666666668, 0.06277896666666666, 0.06000676666666667, 0.02658593333333333, 0.044854, 0.04931846666666665, 0.05106850000000002, 0.03498033333333333, 0.02747536666666666, 0.056517333333333336, 0.04767199999999999, 0.036937966666666676, 0.034404533333333334, 0.042413000000000006, 0.02519436666666667, 0.03153859999999999, 0.038706033333333334, 0.037883566666666646, 0.034830433333333334, 0.03851606666666666, 0.03562836666666667, 0.04934436666666667, 0.041823266666666664, 0.05380993333333334], [0.02614866666666666, 0.029746800000000004, 0.046777266666666664, 0.023673366666666668, 0.04457346666666667, 0.033275033333333336, 0.05202283333333334, 0.04965373333333333, 0.044963733333333325, 0.05882766666666667, 0.11641799999999998, 0.0, 0.13199223333333332, 0.06915550000000002, 0.04118613333333333, 0.045412433333333335, 0.033265300000000005, 0.04246663333333333, 0.02101806666666666, 0.03619396666666667, 0.03952979999999999, 0.0379148, 0.03920889999999999, 0.04207366666666666, 0.0422859, 0.04953289999999999, 0.05171266666666665, 0.03990180000000001, 0.027580033333333337, 0.020891266666666665, 0.03602196666666666, 0.03443966666666667, 0.021422100000000003, 0.043210233333333334, 0.023768099999999997, 0.03415606666666667, 0.0387549, 0.050121366666666674, 0.047467633333333335, 0.02595063333333333, 0.04689290000000001, 0.031019733333333327, 0.0331211, 0.0723779, 0.05907826666666666, 0.039324200000000004, 0.05301726666666667, 0.04935426666666668, 0.024496833333333332, 0.04569586666666666], [0.04369273333333334, 0.04214633333333332, 0.06177943333333333, 0.06336843333333333, 0.037734566666666663, 0.05745690000000001, 0.05923183333333333, 0.060753233333333344, 0.034414266666666665, 0.03800269999999999, 0.05317456666666668, 0.13199223333333332, 0.0, 0.22158433333333333, 0.10143463333333333, 0.07839356666666666, 0.0340645, 0.058604233333333325, 0.039125900000000005, 0.04489663333333333, 0.051724700000000005, 0.06181646666666668, 0.06212230000000001, 0.05458383333333334, 0.05537523333333334, 0.06811916666666668, 0.08154563333333334, 0.06577763333333334, 0.06887889999999998, 0.052330600000000005, 0.04164863333333334, 0.027575000000000006, 0.041420233333333334, 0.04133640000000001, 0.03753703333333333, 0.05593543333333333, 0.04242940000000001, 0.05446556666666668, 0.04923450000000001, 0.06018823333333334, 0.08360283333333332, 0.052762399999999994, 0.022231433333333335, 0.054255066666666664, 0.06372956666666667, 0.056954033333333334, 0.05626900000000001, 0.06905113333333332, 0.047417933333333336, 0.06146963333333335], [0.04221419999999999, 0.03599563333333334, 0.04358766666666666, 0.05216709999999999, 0.04825153333333333, 0.04213573333333332, 0.03223653333333334, 0.051975266666666665, 0.04931110000000001, 0.0523155, 0.06371740000000002, 0.06915550000000002, 0.22158433333333333, 0.0, 0.20094773333333335, 0.08040306666666666, 0.051608966666666665, 0.048868066666666675, 0.04814213333333334, 0.02695103333333334, 0.04309606666666666, 0.044998966666666654, 0.0485251, 0.038176166666666664, 0.04166003333333333, 0.06181516666666668, 0.05287593333333333, 0.06960653333333333, 0.04909013333333335, 0.038245999999999995, 0.052663800000000004, 0.03286536666666668, 0.04917246666666666, 0.04941383333333333, 0.03194273333333333, 0.044164266666666674, 0.03444170000000001, 0.029039033333333325, 0.05578860000000001, 0.05063196666666667, 0.059748533333333326, 0.03154386666666667, 0.02702596666666666, 0.03517223333333333, 0.04995406666666666, 0.05214856666666667, 0.04418126666666666, 0.05483950000000001, 0.051149999999999994, 0.046911166666666664], [0.05409256666666667, 0.033052500000000005, 0.05166916666666667, 0.035503066666666666, 0.042607866666666674, 0.040359900000000004, 0.042370066666666664, 0.03912716666666667, 0.0545551, 0.04553326666666667, 0.04094826666666666, 0.04118613333333333, 0.10143463333333333, 0.20094773333333335, 0.0, 0.2009145666666667, 0.08454126666666667, 0.06937240000000001, 0.0690985, 0.0392345, 0.038036966666666665, 0.034738700000000004, 0.033466466666666674, 0.04344130000000001, 0.04325226666666667, 0.04412206666666667, 0.038009466666666665, 0.04863013333333333, 0.056416566666666675, 0.027850633333333333, 0.04506906666666667, 0.054502400000000006, 0.024520733333333333, 0.051218966666666664, 0.03820810000000001, 0.04633946666666666, 0.03713136666666666, 0.0329739, 0.05228366666666668, 0.052648799999999996, 0.040521033333333324, 0.03525193333333333, 0.0342462, 0.0178214, 0.026782199999999996, 0.04692723333333333, 0.03260656666666667, 0.045724366666666676, 0.031930666666666656, 0.054580566666666656], [0.0550975, 0.06880239999999999, 0.06479036666666667, 0.032313166666666664, 0.0294271, 0.028533166666666672, 0.02050173333333333, 0.0366501, 0.036609933333333324, 0.0353093, 0.041703300000000006, 0.045412433333333335, 0.07839356666666666, 0.08040306666666666, 0.2009145666666667, 0.0, 0.24949439999999995, 0.13025930000000002, 0.08372243333333332, 0.04437103333333335, 0.05332260000000001, 0.05040156666666666, 0.0561915, 0.06581556666666666, 0.07541199999999999, 0.05766843333333334, 0.0413374, 0.05246166666666667, 0.056004066666666664, 0.044821233333333335, 0.033482, 0.04025729999999999, 0.02394313333333333, 0.05457779999999998, 0.0309049, 0.034641599999999995, 0.03549493333333334, 0.05671956666666667, 0.04739790000000001, 0.027956166666666664, 0.059807099999999995, 0.041784499999999995, 0.032254399999999996, 0.0389295, 0.03026946666666667, 0.04224816666666667, 0.04483939999999999, 0.044230033333333335, 0.03456396666666666, 0.03148709999999999], [0.04659323333333334, 0.05204363333333334, 0.032851, 0.04219053333333333, 0.03672796666666667, 0.028680866666666673, 0.02801233333333333, 0.031776066666666665, 0.043378633333333326, 0.03785356666666666, 0.04673786666666667, 0.033265300000000005, 0.0340645, 0.051608966666666665, 0.08454126666666667, 0.24949439999999995, 0.0, 0.2888887666666667, 0.12036596666666663, 0.053830266666666675, 0.05097313333333333, 0.053231966666666665, 0.06115346666666667, 0.06205043333333334, 0.07104733333333335, 0.07891623333333334, 0.07508913333333332, 0.06895546666666666, 0.04385216666666667, 0.020923533333333327, 0.03687643333333333, 0.037997600000000006, 0.030944666666666665, 0.0467201, 0.04024423333333333, 0.03701493333333333, 0.07454146666666663, 0.03567023333333333, 0.021042633333333338, 0.032982333333333336, 0.048470433333333326, 0.05932103333333333, 0.03789043333333334, 0.03937986666666667, 0.028158666666666672, 0.024173099999999996, 0.029103533333333334, 0.02564246666666667, 0.04780676666666667, 0.03673196666666667], [0.02632586666666667, 0.027147433333333332, 0.019816400000000012, 0.03641116666666666, 0.03257123333333333, 0.030821199999999997, 0.03656019999999999, 0.027375266666666658, 0.05112800000000001, 0.04739946666666667, 0.04983773333333333, 0.04246663333333333, 0.058604233333333325, 0.048868066666666675, 0.06937240000000001, 0.13025930000000002, 0.2888887666666667, 0.0, 0.2556676, 0.09965993333333334, 0.07905986666666666, 0.08906926666666666, 0.09678613333333333, 0.09567860000000002, 0.07428266666666666, 0.0738904, 0.1045624333333333, 0.05639340000000001, 0.03972816666666668, 0.028016133333333335, 0.03618529999999999, 0.04929109999999999, 0.03547806666666667, 0.06491156666666667, 0.044652033333333334, 0.03970823333333334, 0.053694299999999986, 0.036528233333333326, 0.041249266666666666, 0.04897906666666667, 0.04529546666666666, 0.0554389, 0.051775766666666674, 0.0527126, 0.04505713333333334, 0.05599890000000002, 0.025832566666666664, 0.055039766666666656, 0.07092273333333333, 0.0584185], [0.0418176, 0.05791843333333335, 0.028261833333333337, 0.06176636666666666, 0.022357099999999994, 0.023477966666666666, 0.03836320000000001, 0.061526600000000015, 0.05694503333333332, 0.059028599999999994, 0.05420813333333333, 0.02101806666666666, 0.039125900000000005, 0.04814213333333334, 0.0690985, 0.08372243333333332, 0.12036596666666663, 0.2556676, 0.0, 0.2353305, 0.13055323333333335, 0.1280237333333333, 0.11635503333333337, 0.0997549666666667, 0.07897099999999999, 0.08654819999999998, 0.08717190000000001, 0.057572566666666665, 0.04926293333333334, 0.022959933333333335, 0.04521566666666667, 0.0332236, 0.040758533333333326, 0.045877400000000006, 0.039722433333333335, 0.04866373333333332, 0.05283553333333333, 0.04464096666666667, 0.04571343333333334, 0.04387633333333334, 0.053855966666666664, 0.045444733333333334, 0.05674903333333334, 0.060454866666666655, 0.028326999999999998, 0.0378883, 0.04442419999999999, 0.06812523333333334, 0.04819240000000002, 0.04902513333333334], [0.03643496666666666, 0.04189383333333334, 0.04202873333333333, 0.031293066666666675, 0.03019916666666667, 0.02865646666666667, 0.0302265, 0.0238783, 0.03320029999999999, 0.0331258, 0.03589830000000001, 0.03619396666666667, 0.04489663333333333, 0.02695103333333334, 0.0392345, 0.04437103333333335, 0.053830266666666675, 0.09965993333333334, 0.2353305, 0.0, 0.3344620000000001, 0.2396585666666667, 0.16731266666666664, 0.13059589999999996, 0.09729323333333333, 0.09554690000000002, 0.1019847, 0.05820786666666667, 0.0356459, 0.0323373, 0.043572733333333336, 0.035977666666666665, 0.04107990000000001, 0.05268163333333333, 0.029772733333333332, 0.03454876666666667, 0.04927176666666667, 0.03799779999999999, 0.0255274, 0.03613449999999999, 0.043338499999999995, 0.035461233333333335, 0.050643066666666674, 0.06794446666666668, 0.04076229999999999, 0.040407366666666666, 0.043204966666666664, 0.04295953333333333, 0.0349258, 0.04801663333333333], [0.05285296666666666, 0.03890896666666667, 0.05956063333333332, 0.04853373333333333, 0.0348029, 0.033172999999999994, 0.060307799999999995, 0.04967146666666666, 0.03366786666666667, 0.04002659999999999, 0.027039799999999996, 0.03952979999999999, 0.051724700000000005, 0.04309606666666666, 0.038036966666666665, 0.05332260000000001, 0.05097313333333333, 0.07905986666666666, 0.13055323333333335, 0.3344620000000001, 0.0, 0.4113421666666667, 0.20844529999999994, 0.14770606666666666, 0.10371736666666667, 0.10404666666666666, 0.10379676666666672, 0.06268390000000001, 0.048967133333333336, 0.031984766666666664, 0.053937933333333334, 0.04607333333333332, 0.034479066666666655, 0.037584233333333335, 0.03567113333333334, 0.035948999999999995, 0.05324836666666666, 0.04546136666666668, 0.028757900000000003, 0.046610099999999995, 0.07114569999999999, 0.04263676666666666, 0.04175323333333332, 0.06972173333333333, 0.05134466666666666, 0.044670533333333345, 0.04166583333333333, 0.04479930000000001, 0.04317566666666667, 0.05391419999999999], [0.050723599999999994, 0.044545466666666665, 0.049297200000000006, 0.04314856666666668, 0.04126373333333334, 0.032326133333333326, 0.0463006, 0.03152866666666666, 0.024842833333333335, 0.032803100000000016, 0.038778433333333334, 0.0379148, 0.06181646666666668, 0.044998966666666654, 0.034738700000000004, 0.05040156666666666, 0.053231966666666665, 0.08906926666666666, 0.1280237333333333, 0.2396585666666667, 0.4113421666666667, 0.0, 0.5615091333333332, 0.3702500333333333, 0.2618438333333333, 0.18086176666666667, 0.15722946666666668, 0.08037833333333334, 0.05104096666666668, 0.03404396666666667, 0.0531226, 0.033313, 0.0390716, 0.03541163333333334, 0.045972266666666664, 0.03996703333333332, 0.036797166666666666, 0.050131733333333324, 0.027530066666666672, 0.04923493333333334, 0.0635409, 0.0392426, 0.03678603333333334, 0.06040736666666666, 0.05165566666666666, 0.047375299999999995, 0.043397966666666676, 0.042544, 0.03832393333333333, 0.04727343333333333], [0.04321459999999999, 0.0521548, 0.06373666666666668, 0.0480271, 0.03243946666666666, 0.05411013333333333, 0.0426399, 0.041134533333333334, 0.042591533333333334, 0.04311603333333333, 0.048339733333333336, 0.03920889999999999, 0.06212230000000001, 0.0485251, 0.033466466666666674, 0.0561915, 0.06115346666666667, 0.09678613333333333, 0.11635503333333337, 0.16731266666666664, 0.20844529999999994, 0.5615091333333332, 0.0, 0.6796513333333333, 0.4512053, 0.28876596666666665, 0.20152646666666663, 0.08610523333333334, 0.058651566666666655, 0.03225003333333334, 0.05557143333333334, 0.04092596666666666, 0.052925633333333326, 0.045334333333333345, 0.05208276666666666, 0.056282900000000004, 0.0385173, 0.04089336666666667, 0.0302351, 0.054732933333333324, 0.06590123333333331, 0.0433791, 0.03785176666666666, 0.06499429999999999, 0.0559142, 0.06266213333333333, 0.05526440000000002, 0.04322726666666668, 0.03466706666666666, 0.03915443333333332], [0.03245623333333333, 0.07066373333333335, 0.07747003333333333, 0.05065413333333332, 0.029134333333333328, 0.051815233333333335, 0.05354393333333333, 0.06192966666666666, 0.04873049999999999, 0.052434133333333334, 0.03462196666666667, 0.04207366666666666, 0.05458383333333334, 0.038176166666666664, 0.04344130000000001, 0.06581556666666666, 0.06205043333333334, 0.09567860000000002, 0.0997549666666667, 0.13059589999999996, 0.14770606666666666, 0.3702500333333333, 0.6796513333333333, 0.0, 0.7513633333333332, 0.4132379666666667, 0.26015316666666666, 0.13403416666666668, 0.07614653333333336, 0.03387506666666666, 0.060454799999999996, 0.04614196666666667, 0.04712289999999999, 0.040742533333333344, 0.04739653333333334, 0.04406773333333334, 0.051991666666666686, 0.041666933333333336, 0.0360192, 0.06776040000000001, 0.07777996666666666, 0.0449819, 0.04705180000000001, 0.04870649999999999, 0.06886076666666667, 0.04727870000000001, 0.06061776666666666, 0.03831816666666667, 0.04902506666666667, 0.04112563333333333], [0.029203833333333335, 0.055251999999999996, 0.04357676666666666, 0.0399952, 0.027264533333333334, 0.029567366666666664, 0.04912006666666668, 0.06532299999999999, 0.05395386666666667, 0.05401363333333334, 0.0507571, 0.0422859, 0.05537523333333334, 0.04166003333333333, 0.04325226666666667, 0.07541199999999999, 0.07104733333333335, 0.07428266666666666, 0.07897099999999999, 0.09729323333333333, 0.10371736666666667, 0.2618438333333333, 0.4512053, 0.7513633333333332, 0.0, 0.6495289000000001, 0.30527276666666664, 0.1432631333333333, 0.0674327, 0.04167223333333333, 0.0411943, 0.05155586666666667, 0.0544421, 0.05949103333333332, 0.043362399999999995, 0.04337443333333334, 0.035895899999999994, 0.04030916666666668, 0.033778533333333326, 0.0679901, 0.06258586666666667, 0.04726406666666667, 0.030370066666666657, 0.05366826666666666, 0.060427733333333344, 0.05317220000000002, 0.05187463333333333, 0.04589963333333333, 0.04914866666666667, 0.05825183333333334], [0.045478066666666664, 0.061736566666666666, 0.04793879999999999, 0.040782533333333336, 0.022112200000000002, 0.03338483333333332, 0.04532130000000001, 0.07973223333333332, 0.0576576, 0.07130613333333334, 0.0706016, 0.04953289999999999, 0.06811916666666668, 0.06181516666666668, 0.04412206666666667, 0.05766843333333334, 0.07891623333333334, 0.0738904, 0.08654819999999998, 0.09554690000000002, 0.10404666666666666, 0.18086176666666667, 0.28876596666666665, 0.4132379666666667, 0.6495289000000001, 0.0, 0.4122618333333333, 0.19380190000000003, 0.09109163333333334, 0.05217630000000001, 0.05429903333333332, 0.04922753333333333, 0.038915866666666674, 0.06239906666666666, 0.042602499999999995, 0.03915729999999999, 0.03863633333333335, 0.05329389999999999, 0.04079390000000001, 0.08832713333333332, 0.03747080000000002, 0.03441183333333333, 0.03368963333333332, 0.05296140000000001, 0.05286400000000001, 0.05961386666666667, 0.06203470000000002, 0.04513063333333334, 0.040269800000000015, 0.06764473333333333], [0.04977036666666668, 0.06788093333333334, 0.06601176666666665, 0.056785699999999995, 0.031116800000000007, 0.04162553333333333, 0.06587966666666668, 0.06416809999999999, 0.05927519999999999, 0.07040866666666666, 0.06032576666666668, 0.05171266666666665, 0.08154563333333334, 0.05287593333333333, 0.038009466666666665, 0.0413374, 0.07508913333333332, 0.1045624333333333, 0.08717190000000001, 0.1019847, 0.10379676666666672, 0.15722946666666668, 0.20152646666666663, 0.26015316666666666, 0.30527276666666664, 0.4122618333333333, 0.0, 0.2872755, 0.14111820000000003, 0.055785233333333344, 0.07461513333333333, 0.05014713333333334, 0.03744590000000001, 0.05679953333333334, 0.059249, 0.046993766666666666, 0.06708979999999999, 0.050991900000000014, 0.043840199999999996, 0.0809096, 0.04100243333333333, 0.029057566666666666, 0.04243263333333333, 0.06654453333333335, 0.059218200000000006, 0.05851723333333333, 0.08902103333333335, 0.05625846666666667, 0.04191296666666666, 0.07592703333333334], [0.04911156666666666, 0.045535099999999995, 0.03211986666666666, 0.04832200000000002, 0.0451583, 0.04659853333333334, 0.04320253333333334, 0.05474593333333334, 0.04757706666666665, 0.08037143333333335, 0.06277896666666666, 0.03990180000000001, 0.06577763333333334, 0.06960653333333333, 0.04863013333333333, 0.05246166666666667, 0.06895546666666666, 0.05639340000000001, 0.057572566666666665, 0.05820786666666667, 0.06268390000000001, 0.08037833333333334, 0.08610523333333334, 0.13403416666666668, 0.1432631333333333, 0.19380190000000003, 0.2872755, 0.0, 0.17214236666666669, 0.05060459999999999, 0.06147433333333332, 0.05140906666666666, 0.055111866666666655, 0.045210866666666676, 0.041908866666666676, 0.049728699999999994, 0.04393216666666667, 0.03767130000000001, 0.05549406666666667, 0.06167250000000001, 0.056698366666666666, 0.02494356666666667, 0.05596546666666665, 0.06358166666666668, 0.08744166666666667, 0.0685835, 0.08138093333333335, 0.04456093333333333, 0.05823356666666666, 0.059472899999999995], [0.05166893333333333, 0.07399313333333334, 0.07097939999999998, 0.07102896666666665, 0.045386766666666654, 0.09758980000000003, 0.05138623333333334, 0.040087866666666666, 0.046976, 0.04769143333333333, 0.06000676666666667, 0.027580033333333337, 0.06887889999999998, 0.04909013333333335, 0.056416566666666675, 0.056004066666666664, 0.04385216666666667, 0.03972816666666668, 0.04926293333333334, 0.0356459, 0.048967133333333336, 0.05104096666666668, 0.058651566666666655, 0.07614653333333336, 0.0674327, 0.09109163333333334, 0.14111820000000003, 0.17214236666666669, 0.0, 0.0881085, 0.09085219999999997, 0.05034930000000001, 0.05859996666666667, 0.04276916666666666, 0.055114233333333325, 0.08539329999999995, 0.07215456666666664, 0.023193066666666668, 0.04699806666666667, 0.06327733333333334, 0.04625613333333334, 0.04437943333333333, 0.04029823333333332, 0.06136596666666666, 0.06049046666666667, 0.05092583333333333, 0.10683753333333333, 0.04223690000000001, 0.06227763333333333, 0.08888533333333332], [0.043676566666666666, 0.05086913333333332, 0.052139966666666676, 0.027959000000000008, 0.0655105, 0.06398836666666664, 0.027338733333333334, 0.03819613333333333, 0.029276566666666677, 0.027346766666666664, 0.02658593333333333, 0.020891266666666665, 0.052330600000000005, 0.038245999999999995, 0.027850633333333333, 0.044821233333333335, 0.020923533333333327, 0.028016133333333335, 0.022959933333333335, 0.0323373, 0.031984766666666664, 0.03404396666666667, 0.03225003333333334, 0.03387506666666666, 0.04167223333333333, 0.05217630000000001, 0.055785233333333344, 0.05060459999999999, 0.0881085, 0.0, 0.05923703333333333, 0.0452881, 0.03911026666666668, 0.04418770000000001, 0.04407876666666665, 0.04880163333333335, 0.0427302, 0.06943543333333334, 0.04998950000000002, 0.04010413333333333, 0.04319169999999999, 0.04780399999999999, 0.03583149999999999, 0.02103616666666667, 0.04722573333333332, 0.06561446666666666, 0.06704329999999999, 0.06274456666666665, 0.046077733333333336, 0.020161200000000004], [0.05754446666666667, 0.060844933333333316, 0.06049583333333333, 0.036907466666666666, 0.03880233333333333, 0.05428680000000001, 0.032755299999999994, 0.039357600000000006, 0.04079096666666667, 0.04366133333333333, 0.044854, 0.03602196666666666, 0.04164863333333334, 0.052663800000000004, 0.04506906666666667, 0.033482, 0.03687643333333333, 0.03618529999999999, 0.04521566666666667, 0.043572733333333336, 0.053937933333333334, 0.0531226, 0.05557143333333334, 0.060454799999999996, 0.0411943, 0.05429903333333332, 0.07461513333333333, 0.06147433333333332, 0.09085219999999997, 0.05923703333333333, 0.0, 0.08536213333333335, 0.05761590000000001, 0.04311366666666666, 0.06076896666666665, 0.04517956666666667, 0.03566573333333333, 0.05852696666666667, 0.0633688, 0.0579766, 0.054620666666666665, 0.04721443333333333, 0.043569500000000004, 0.029135933333333336, 0.023859633333333335, 0.05415713333333333, 0.07015493333333334, 0.040542500000000016, 0.04775156666666666, 0.0444385], [0.05754010000000001, 0.033016133333333336, 0.0478156, 0.034821333333333336, 0.02813183333333333, 0.041225966666666676, 0.06117860000000001, 0.053885, 0.0333862, 0.04397250000000001, 0.04931846666666665, 0.03443966666666667, 0.027575000000000006, 0.03286536666666668, 0.054502400000000006, 0.04025729999999999, 0.037997600000000006, 0.04929109999999999, 0.0332236, 0.035977666666666665, 0.04607333333333332, 0.033313, 0.04092596666666666, 0.04614196666666667, 0.05155586666666667, 0.04922753333333333, 0.05014713333333334, 0.05140906666666666, 0.05034930000000001, 0.0452881, 0.08536213333333335, 0.0, 0.07606806666666667, 0.03956493333333334, 0.04995603333333333, 0.04715393333333334, 0.04165040000000001, 0.02123903333333334, 0.05260476666666667, 0.04668376666666667, 0.05872209999999999, 0.04272736666666666, 0.031461633333333336, 0.0389641, 0.04252033333333334, 0.03622586666666666, 0.037905666666666664, 0.04815266666666667, 0.04695016666666667, 0.045043300000000015], [0.07026346666666668, 0.03942083333333332, 0.03517089999999999, 0.049555400000000006, 0.04802306666666667, 0.03499716666666667, 0.040202566666666675, 0.046854700000000006, 0.04262133333333333, 0.041449133333333346, 0.05106850000000002, 0.021422100000000003, 0.041420233333333334, 0.04917246666666666, 0.024520733333333333, 0.02394313333333333, 0.030944666666666665, 0.03547806666666667, 0.040758533333333326, 0.04107990000000001, 0.034479066666666655, 0.0390716, 0.052925633333333326, 0.04712289999999999, 0.0544421, 0.038915866666666674, 0.03744590000000001, 0.055111866666666655, 0.05859996666666667, 0.03911026666666668, 0.05761590000000001, 0.07606806666666667, 0.0, 0.05075743333333334, 0.06561573333333334, 0.05550636666666667, 0.0390705, 0.04528713333333334, 0.049260333333333337, 0.0706573, 0.04301073333333334, 0.04034309999999999, 0.04410536666666667, 0.058836099999999995, 0.030607999999999996, 0.04825936666666667, 0.029395966666666665, 0.05802883333333334, 0.077369, 0.04356273333333333], [0.036539066666666696, 0.05285186666666668, 0.0395623, 0.0405489, 0.03797203333333333, 0.04289856666666666, 0.0322192, 0.03967773333333333, 0.05228093333333333, 0.05796506666666666, 0.03498033333333333, 0.043210233333333334, 0.04133640000000001, 0.04941383333333333, 0.051218966666666664, 0.05457779999999998, 0.0467201, 0.06491156666666667, 0.045877400000000006, 0.05268163333333333, 0.037584233333333335, 0.03541163333333334, 0.045334333333333345, 0.040742533333333344, 0.05949103333333332, 0.06239906666666666, 0.05679953333333334, 0.045210866666666676, 0.04276916666666666, 0.04418770000000001, 0.04311366666666666, 0.03956493333333334, 0.05075743333333334, 0.0, 0.05005766666666666, 0.046606733333333324, 0.05468286666666665, 0.04672743333333333, 0.0461856, 0.032736200000000014, 0.049751699999999996, 0.05839793333333333, 0.055691499999999984, 0.050196700000000004, 0.047452299999999996, 0.044642133333333334, 0.032413466666666675, 0.06396586666666666, 0.03314633333333333, 0.06825716666666666], [0.029318833333333336, 0.044249833333333335, 0.04864096666666667, 0.04009513333333334, 0.06222643333333334, 0.0632502, 0.01647863333333333, 0.05049026666666667, 0.036964133333333336, 0.044609499999999996, 0.02747536666666666, 0.023768099999999997, 0.03753703333333333, 0.03194273333333333, 0.03820810000000001, 0.0309049, 0.04024423333333333, 0.044652033333333334, 0.039722433333333335, 0.029772733333333332, 0.03567113333333334, 0.045972266666666664, 0.05208276666666666, 0.04739653333333334, 0.043362399999999995, 0.042602499999999995, 0.059249, 0.041908866666666676, 0.055114233333333325, 0.04407876666666665, 0.06076896666666665, 0.04995603333333333, 0.06561573333333334, 0.05005766666666666, 0.0, 0.049414299999999994, 0.0506745, 0.041828699999999996, 0.03923926666666666, 0.05068626666666667, 0.05187643333333335, 0.0403755, 0.03193476666666667, 0.044822566666666654, 0.04648943333333334, 0.049009, 0.05881836666666668, 0.033279733333333325, 0.040100533333333334, 0.04003246666666667], [0.045460433333333335, 0.07187176666666668, 0.08357193333333333, 0.05114383333333333, 0.035282133333333326, 0.07009293333333333, 0.04985103333333334, 0.025488166666666666, 0.03579349999999999, 0.05413753333333334, 0.056517333333333336, 0.03415606666666667, 0.05593543333333333, 0.044164266666666674, 0.04633946666666666, 0.034641599999999995, 0.03701493333333333, 0.03970823333333334, 0.04866373333333332, 0.03454876666666667, 0.035948999999999995, 0.03996703333333332, 0.056282900000000004, 0.04406773333333334, 0.04337443333333334, 0.03915729999999999, 0.046993766666666666, 0.049728699999999994, 0.08539329999999995, 0.04880163333333335, 0.04517956666666667, 0.04715393333333334, 0.05550636666666667, 0.046606733333333324, 0.049414299999999994, 0.0, 0.08403953333333335, 0.035567366666666676, 0.07315043333333335, 0.04180856666666666, 0.0501419, 0.06065609999999999, 0.03799003333333332, 0.0423681, 0.07697666666666665, 0.04654696666666667, 0.08919960000000002, 0.05519846666666667, 0.04461153333333333, 0.05613933333333334], [0.0486737, 0.06252046666666668, 0.0795614, 0.03279443333333334, 0.052632266666666656, 0.05585326666666665, 0.054643866666666666, 0.03671613333333333, 0.057418266666666676, 0.06134506666666667, 0.04767199999999999, 0.0387549, 0.04242940000000001, 0.03444170000000001, 0.03713136666666666, 0.03549493333333334, 0.07454146666666663, 0.053694299999999986, 0.05283553333333333, 0.04927176666666667, 0.05324836666666666, 0.036797166666666666, 0.0385173, 0.051991666666666686, 0.035895899999999994, 0.03863633333333335, 0.06708979999999999, 0.04393216666666667, 0.07215456666666664, 0.0427302, 0.03566573333333333, 0.04165040000000001, 0.0390705, 0.05468286666666665, 0.0506745, 0.08403953333333335, 0.0, 0.046606166666666664, 0.049657966666666664, 0.051581499999999995, 0.030679933333333336, 0.050193966666666666, 0.049301533333333335, 0.06541673333333332, 0.0319254, 0.04643340000000001, 0.045358433333333344, 0.0667414, 0.04283173333333332, 0.03868773333333334], [0.04000050000000001, 0.05257873333333333, 0.05303496666666667, 0.05259883333333334, 0.03244166666666666, 0.029782133333333335, 0.027192733333333337, 0.052057299999999994, 0.04580863333333334, 0.03849793333333333, 0.036937966666666676, 0.050121366666666674, 0.05446556666666668, 0.029039033333333325, 0.0329739, 0.05671956666666667, 0.03567023333333333, 0.036528233333333326, 0.04464096666666667, 0.03799779999999999, 0.04546136666666668, 0.050131733333333324, 0.04089336666666667, 0.041666933333333336, 0.04030916666666668, 0.05329389999999999, 0.050991900000000014, 0.03767130000000001, 0.023193066666666668, 0.06943543333333334, 0.05852696666666667, 0.02123903333333334, 0.04528713333333334, 0.04672743333333333, 0.041828699999999996, 0.035567366666666676, 0.046606166666666664, 0.0, 0.0355285, 0.053815666666666664, 0.04309496666666667, 0.06285346666666666, 0.04215306666666666, 0.052324766666666675, 0.048473199999999994, 0.03897173333333333, 0.04906246666666665, 0.056044366666666665, 0.049258199999999995, 0.04058869999999999], [0.07699553333333332, 0.06166549999999998, 0.05296850000000001, 0.03010003333333333, 0.04585109999999999, 0.059067533333333345, 0.04970063333333333, 0.05806946666666667, 0.06858496666666666, 0.03373616666666668, 0.034404533333333334, 0.047467633333333335, 0.04923450000000001, 0.05578860000000001, 0.05228366666666668, 0.04739790000000001, 0.021042633333333338, 0.041249266666666666, 0.04571343333333334, 0.0255274, 0.028757900000000003, 0.027530066666666672, 0.0302351, 0.0360192, 0.033778533333333326, 0.04079390000000001, 0.043840199999999996, 0.05549406666666667, 0.04699806666666667, 0.04998950000000002, 0.0633688, 0.05260476666666667, 0.049260333333333337, 0.0461856, 0.03923926666666666, 0.07315043333333335, 0.049657966666666664, 0.0355285, 0.0, 0.04839343333333333, 0.04500043333333333, 0.04932716666666666, 0.06977390000000003, 0.06415136666666665, 0.053073800000000004, 0.05172, 0.055913299999999985, 0.04126963333333333, 0.051309266666666666, 0.04608403333333332], [0.04776083333333333, 0.044582100000000006, 0.029915200000000003, 0.04451396666666666, 0.04149133333333333, 0.05151126666666667, 0.05477026666666667, 0.05280106666666667, 0.06288943333333334, 0.0603756, 0.042413000000000006, 0.02595063333333333, 0.06018823333333334, 0.05063196666666667, 0.052648799999999996, 0.027956166666666664, 0.032982333333333336, 0.04897906666666667, 0.04387633333333334, 0.03613449999999999, 0.046610099999999995, 0.04923493333333334, 0.054732933333333324, 0.06776040000000001, 0.0679901, 0.08832713333333332, 0.0809096, 0.06167250000000001, 0.06327733333333334, 0.04010413333333333, 0.0579766, 0.04668376666666667, 0.0706573, 0.032736200000000014, 0.05068626666666667, 0.04180856666666666, 0.051581499999999995, 0.053815666666666664, 0.04839343333333333, 0.0, 0.05554020000000002, 0.02973336666666667, 0.06856240000000001, 0.03336083333333334, 0.04286453333333334, 0.03405806666666667, 0.0479325, 0.049434299999999994, 0.0421495, 0.03976346666666667], [0.0711487, 0.05513216666666668, 0.05514086666666666, 0.0463372, 0.05792576666666667, 0.052475866666666676, 0.03199083333333333, 0.03611283333333334, 0.06382583333333333, 0.044393466666666666, 0.02519436666666667, 0.04689290000000001, 0.08360283333333332, 0.059748533333333326, 0.040521033333333324, 0.059