[[0.0, 0.0412371, 0.028359866666666664, 0.023792499999999998, 0.03439296666666668, 0.05394873333333333, 0.027695033333333334, 0.02411506666666667, 0.0363175, 0.028272333333333333, 0.028972700000000004, 0.03777313333333332, 0.0262511, 0.026416966666666666, 0.051157600000000004, 0.048922533333333344, 0.046458233333333335, 0.03345203333333334, 0.026226799999999998, 0.013510600000000001, 0.035048599999999985, 0.02011453333333333, 0.031345033333333334, 0.026287066666666668, 0.03471216666666666, 0.035836299999999995, 0.04136550000000001, 0.025052800000000004, 0.03018473333333333, 0.024023199999999995, 0.027311099999999998, 0.03577349999999999, 0.022161833333333335, 0.019482299999999998, 0.034978133333333335, 0.03797516666666667, 0.0279826, 0.028340099999999997, 0.04071603333333334, 0.023784366666666664, 0.0298796, 0.02813323333333334, 0.023988366666666663, 0.029551133333333333, 0.030173433333333336, 0.023180933333333334, 0.024719033333333328, 0.03232209999999999, 0.023285366666666665, 0.03227583333333334], [0.0412371, 0.0, 0.03176813333333334, 0.0392763, 0.029235033333333337, 0.031647100000000004, 0.03803733333333333, 0.04303293333333334, 0.02185053333333333, 0.031058266666666667, 0.041662533333333335, 0.03366893333333333, 0.0422477, 0.030959566666666667, 0.01949736666666667, 0.03696516666666668, 0.030096499999999995, 0.03237089999999999, 0.018441366666666667, 0.02183593333333334, 0.030418500000000008, 0.041176233333333326, 0.03199116666666667, 0.05605793333333334, 0.040578800000000005, 0.039132600000000003, 0.0319366, 0.02434673333333333, 0.0335862, 0.04783470000000001, 0.05417926666666667, 0.023314600000000005, 0.04832176666666668, 0.03546186666666666, 0.0416587, 0.034609299999999996, 0.042051533333333335, 0.03382279999999999, 0.039080466666666674, 0.027081266666666666, 0.017440100000000004, 0.027086633333333332, 0.038619400000000005, 0.030263266666666667, 0.03712983333333334, 0.032332966666666664, 0.030133099999999996, 0.03415476666666666, 0.03879436666666667, 0.0278637], [0.028359866666666664, 0.03176813333333334, 0.0, 0.026154633333333337, 0.03172656666666667, 0.016135566666666667, 0.044690600000000004, 0.029320133333333328, 0.05399696666666667, 0.03648676666666667, 0.055587299999999985, 0.023861566666666664, 0.0285136, 0.02760173333333333, 0.06507593333333335, 0.030985733333333335, 0.02884986666666666, 0.04752636666666667, 0.03370533333333333, 0.0551647, 0.022580100000000002, 0.035780966666666664, 0.03607183333333333, 0.026319066666666665, 0.03829286666666667, 0.04043303333333333, 0.02770336666666666, 0.03815833333333334, 0.026897266666666666, 0.04263833333333334, 0.029633266666666675, 0.04099856666666667, 0.030732633333333342, 0.020855, 0.03383596666666666, 0.0391585, 0.03370086666666666, 0.040158033333333336, 0.026225500000000002, 0.024970000000000003, 0.054841666666666664, 0.026160833333333338, 0.039472266666666665, 0.0526007, 0.03297656666666667, 0.03766086666666667, 0.024656433333333328, 0.022987033333333337, 0.031116633333333327, 0.023564766666666667], [0.023792499999999998, 0.0392763, 0.026154633333333337, 0.0, 0.0285597, 0.03312389999999999, 0.030503199999999998, 0.04434489999999999, 0.03126593333333333, 0.03238946666666666, 0.03236253333333334, 0.03570979999999999, 0.032681266666666674, 0.026397933333333335, 0.04428553333333333, 0.033900099999999996, 0.02777053333333333, 0.03474033333333334, 0.030492133333333334, 0.03072693333333333, 0.026133100000000006, 0.03949826666666668, 0.03195403333333333, 0.030463633333333337, 0.028570400000000003, 0.04019073333333334, 0.03443910000000001, 0.033349866666666665, 0.029655433333333335, 0.03005783333333333, 0.05284663333333333, 0.033728933333333336, 0.043969999999999995, 0.036067000000000016, 0.0333405, 0.02754323333333333, 0.034921600000000004, 0.022958899999999997, 0.028028166666666667, 0.07341616666666669, 0.027860700000000002, 0.04479493333333335, 0.032040566666666666, 0.029199866666666668, 0.028444033333333334, 0.030560999999999998, 0.02035733333333334, 0.037051900000000006, 0.0567912, 0.028753266666666676], [0.03439296666666668, 0.029235033333333337, 0.03172656666666667, 0.0285597, 0.0, 0.0348763, 0.05121613333333333, 0.030184799999999998, 0.03071723333333333, 0.034566400000000004, 0.0323806, 0.03200893333333333, 0.033011066666666665, 0.03484706666666667, 0.02477993333333333, 0.031898033333333325, 0.0339695, 0.019500533333333344, 0.03550983333333333, 0.029969500000000003, 0.024206366666666666, 0.04503363333333334, 0.03438593333333333, 0.03536600000000001, 0.024944966666666672, 0.04062133333333332, 0.03380693333333333, 0.04841096666666665, 0.026410766666666665, 0.025983833333333334, 0.029065300000000006, 0.047610666666666676, 0.02816703333333333, 0.026860466666666666, 0.04446043333333334, 0.02249076666666667, 0.04779090000000001, 0.020490966666666662, 0.037726133333333335, 0.039786633333333335, 0.03195853333333334, 0.04439213333333333, 0.02002116666666667, 0.030380466666666668, 0.028491299999999994, 0.034032466666666664, 0.028909133333333333, 0.03159906666666667, 0.049839866666666656, 0.02743616666666667], [0.05394873333333333, 0.031647100000000004, 0.016135566666666667, 0.03312389999999999, 0.0348763, 0.0, 0.04821703333333333, 0.032216166666666664, 0.02747583333333333, 0.029218933333333332, 0.028192966666666666, 0.04363163333333332, 0.05247736666666666, 0.04413076666666667, 0.03601103333333333, 0.043337600000000004, 0.03919673333333334, 0.02235096666666667, 0.0445389, 0.0386523, 0.0294646, 0.022321799999999996, 0.028448966666666662, 0.03432413333333334, 0.030626400000000005, 0.04086476666666666, 0.047631, 0.023428233333333336, 0.033541466666666665, 0.03198816666666666, 0.0481844, 0.0229614, 0.023092900000000003, 0.03928283333333333, 0.03489006666666668, 0.0256132, 0.027959633333333334, 0.03400476666666667, 0.042466233333333325, 0.025816266666666667, 0.032480133333333334, 0.025695133333333335, 0.023277533333333336, 0.036447200000000006, 0.030471066666666664, 0.03793356666666667, 0.02554703333333333, 0.04059616666666666, 0.027493566666666667, 0.036283833333333335], [0.027695033333333334, 0.03803733333333333, 0.044690600000000004, 0.030503199999999998, 0.05121613333333333, 0.04821703333333333, 0.0, 0.03639676666666667, 0.047597600000000004, 0.02222550000000001, 0.04113, 0.015827233333333333, 0.032607133333333316, 0.02856783333333333, 0.0417103, 0.022494399999999998, 0.023511066666666667, 0.06557020000000001, 0.025687799999999997, 0.04324956666666667, 0.039183699999999995, 0.027132099999999992, 0.03142233333333333, 0.0352593, 0.0478825, 0.047408566666666666, 0.035320333333333336, 0.05380619999999999, 0.03528123333333333, 0.030276133333333337, 0.0940566, 0.032722499999999995, 0.02990606666666667, 0.038174266666666665, 0.03612936666666667, 0.0365271, 0.045071700000000006, 0.024747600000000005, 0.052498899999999994, 0.03465153333333333, 0.04021843333333333, 0.0276398, 0.036886333333333333, 0.029517266666666667, 0.05649766666666666, 0.03307546666666668, 0.023262900000000003, 0.03911440000000001, 0.030869933333333332, 0.03968906666666667], [0.02411506666666667, 0.04303293333333334, 0.029320133333333328, 0.04434489999999999, 0.030184799999999998, 0.032216166666666664, 0.03639676666666667, 0.0, 0.041427066666666665, 0.016271933333333335, 0.0522487, 0.03650513333333333, 0.044600200000000007, 0.052400233333333344, 0.036579933333333335, 0.0321017, 0.03831009999999999, 0.027557866666666667, 0.03817146666666667, 0.0437163, 0.041097699999999994, 0.04124239999999998, 0.026189433333333335, 0.0529086, 0.046290866666666666, 0.044358433333333336, 0.025591799999999998, 0.026865833333333332, 0.029472533333333335, 0.028859000000000003, 0.03532186666666667, 0.04009490000000001, 0.04048256666666666, 0.04272796666666667, 0.02354813333333333, 0.038551300000000004, 0.02544816666666666, 0.042574833333333326, 0.04126356666666667, 0.04046196666666667, 0.027434766666666666, 0.023805499999999997, 0.04379396666666666, 0.027434800000000006, 0.037746600000000005, 0.028879666666666668, 0.038447766666666675, 0.037438133333333325, 0.025279699999999992, 0.023840000000000004], [0.0363175, 0.02185053333333333, 0.05399696666666667, 0.03126593333333333, 0.03071723333333333, 0.02747583333333333, 0.047597600000000004, 0.041427066666666665, 0.0, 0.03371153333333334, 0.025155866666666662, 0.0355827, 0.025193866666666672, 0.043240199999999986, 0.03110806666666667, 0.028901366666666664, 0.05526309999999999, 0.03679330000000001, 0.031092633333333335, 0.0383693, 0.02843303333333334, 0.03399563333333334, 0.0450377, 0.04067493333333333, 0.028871799999999996, 0.03546860000000001, 0.025555733333333337, 0.032391066666666676, 0.0324818, 0.0333964, 0.038256899999999996, 0.05329206666666667, 0.020990933333333336, 0.03450313333333334, 0.0381441, 0.03454263333333332, 0.04677206666666666, 0.018236900000000004, 0.026515066666666663, 0.04970173333333334, 0.0174061, 0.02635776666666666, 0.03063486666666667, 0.0375808, 0.03158666666666667, 0.042236266666666675, 0.04541176666666668, 0.03386526666666668, 0.030457633333333338, 0.05295616666666667], [0.028272333333333333, 0.031058266666666667, 0.03648676666666667, 0.03238946666666666, 0.034566400000000004, 0.029218933333333332, 0.02222550000000001, 0.016271933333333335, 0.03371153333333334, 0.0, 0.023338033333333334, 0.03340953333333334, 0.022283099999999997, 0.03163163333333334, 0.05101646666666666, 0.03775373333333333, 0.022388799999999997, 0.043524499999999994, 0.03680150000000001, 0.028651599999999996, 0.03464333333333333, 0.04021343333333334, 0.027430600000000003, 0.053680900000000004, 0.02787166666666667, 0.0494119, 0.028658000000000003, 0.025828866666666665, 0.021691333333333333, 0.0360285, 0.03804623333333333, 0.04429516666666666, 0.03868683333333333, 0.042849066666666664, 0.028329366666666665, 0.03501226666666667, 0.02849723333333333, 0.024787299999999995, 0.03584673333333334, 0.04061763333333333, 0.024992833333333336, 0.043857366666666675, 0.03273433333333334, 0.0359204, 0.0272448, 0.03238793333333333, 0.035955100000000004, 0.026151900000000006, 0.0399646, 0.03323983333333333], [0.028972700000000004, 0.041662533333333335, 0.055587299999999985, 0.03236253333333334, 0.0323806, 0.028192966666666666, 0.04113, 0.0522487, 0.025155866666666662, 0.023338033333333334, 0.0, 0.037664899999999994, 0.03643839999999999, 0.03987356666666667, 0.032057966666666673, 0.04562723333333332, 0.031539866666666666, 0.039477299999999986, 0.019318533333333335, 0.04349496666666667, 0.038422333333333336, 0.04361043333333333, 0.03816666666666667, 0.035508066666666664, 0.026550766666666666, 0.03335913333333333, 0.02487263333333333, 0.03917219999999999, 0.03025793333333333, 0.037374700000000004, 0.03151406666666666, 0.030660533333333323, 0.028477933333333334, 0.04108293333333333, 0.02790136666666666, 0.0339852, 0.050670066666666666, 0.03858876666666666, 0.05902433333333334, 0.03503356666666667, 0.0364058, 0.031839799999999994, 0.04220233333333335, 0.0491307, 0.0366854, 0.036550700000000005, 0.04102296666666666, 0.02840996666666666, 0.02981469999999999, 0.04511896666666668], [0.03777313333333332, 0.03366893333333333, 0.023861566666666664, 0.03570979999999999, 0.03200893333333333, 0.04363163333333332, 0.015827233333333333, 0.03650513333333333, 0.0355827, 0.03340953333333334, 0.037664899999999994, 0.0, 0.03212333333333333, 0.025522699999999992, 0.029782766666666665, 0.02687786666666666, 0.02982476666666666, 0.0405007, 0.03890946666666667, 0.03103013333333333, 0.05723016666666666, 0.02165903333333333, 0.04049946666666668, 0.04054406666666666, 0.02060673333333334, 0.04579973333333334, 0.023155266666666664, 0.04175496666666667, 0.021273633333333333, 0.02691033333333333, 0.034899599999999996, 0.034289599999999996, 0.04349796666666667, 0.03959983333333334, 0.03442096666666667, 0.018775033333333333, 0.03765186666666667, 0.018053699999999995, 0.0209527, 0.04100203333333333, 0.023216900000000006, 0.026090866666666667, 0.04150476666666665, 0.03582193333333333, 0.020898433333333338, 0.040289533333333336, 0.035615233333333336, 0.04424216666666666, 0.02854046666666667, 0.058017866666666675], [0.0262511, 0.0422477, 0.0285136, 0.032681266666666674, 0.033011066666666665, 0.05247736666666666, 0.032607133333333316, 0.044600200000000007, 0.025193866666666672, 0.022283099999999997, 0.03643839999999999, 0.03212333333333333, 0.0, 0.023928766666666667, 0.02920213333333334, 0.018740733333333332, 0.03585466666666667, 0.025591500000000003, 0.03740916666666667, 0.0394501, 0.028164, 0.030492900000000003, 0.02564743333333333, 0.042732066666666665, 0.039582066666666665, 0.03330283333333333, 0.015999266666666664, 0.03335980000000001, 0.02881633333333333, 0.024646099999999997, 0.02970733333333334, 0.05352733333333332, 0.024165833333333338, 0.03844776666666667, 0.030947633333333342, 0.017430199999999996, 0.06541280000000001, 0.0302857, 0.039888433333333334, 0.036045966666666665, 0.03226826666666668, 0.03325873333333333, 0.03125266666666666, 0.038585133333333334, 0.028558366666666665, 0.03112443333333333, 0.037664199999999995, 0.019569133333333332, 0.0326339, 0.023348899999999995], [0.026416966666666666, 0.030959566666666667, 0.02760173333333333, 0.026397933333333335, 0.03484706666666667, 0.04413076666666667, 0.02856783333333333, 0.052400233333333344, 0.043240199999999986, 0.03163163333333334, 0.03987356666666667, 0.025522699999999992, 0.023928766666666667, 0.0, 0.030602066666666667, 0.020096433333333337, 0.03217176666666667, 0.03267080000000001, 0.044993866666666674, 0.031337566666666664, 0.03840723333333333, 0.0279938, 0.0371427, 0.05849376666666667, 0.021898233333333333, 0.047310866666666666, 0.023566833333333335, 0.03499556666666667, 0.03445096666666666, 0.02766576666666667, 0.037911733333333336, 0.0376749, 0.023607366666666667, 0.016834666666666668, 0.026284066666666668, 0.03713693333333334, 0.0397215, 0.04637359999999999, 0.026398766666666663, 0.0337256, 0.018973633333333333, 0.04359666666666667, 0.04643676666666667, 0.025215366666666666, 0.0308241, 0.026920766666666672, 0.030057066666666663, 0.015352533333333333, 0.029719466666666673, 0.029182566666666666], [0.051157600000000004, 0.01949736666666667, 0.06507593333333335, 0.04428553333333333, 0.02477993333333333, 0.03601103333333333, 0.0417103, 0.036579933333333335, 0.03110806666666667, 0.05101646666666666, 0.032057966666666673, 0.029782766666666665, 0.02920213333333334, 0.030602066666666667, 0.0, 0.04228023333333332, 0.032146333333333325, 0.021489099999999994, 0.039925666666666665, 0.03480743333333334, 0.041876999999999984, 0.024685199999999997, 0.03289673333333334, 0.029159699999999997, 0.023811666666666665, 0.048173133333333326, 0.022790566666666665, 0.033765333333333335, 0.03182520000000001, 0.030912866666666674, 0.03788363333333333, 0.043636933333333336, 0.03436259999999999, 0.03232206666666666, 0.03257173333333333, 0.04759236666666666, 0.03529366666666667, 0.03237163333333332, 0.05451736666666666, 0.04069446666666667, 0.07965689999999999, 0.042153899999999994, 0.026431566666666666, 0.04913913333333333, 0.02601653333333333, 0.023684999999999998, 0.028473333333333333, 0.030911899999999996, 0.028383500000000002, 0.02341276666666667], [0.048922533333333344, 0.03696516666666668, 0.030985733333333335, 0.033900099999999996, 0.031898033333333325, 0.043337600000000004, 0.022494399999999998, 0.0321017, 0.028901366666666664, 0.03775373333333333, 0.04562723333333332, 0.02687786666666666, 0.018740733333333332, 0.020096433333333337, 0.04228023333333332, 0.0, 0.03010913333333333, 0.037610300000000006, 0.022128600000000005, 0.05067846666666667, 0.025099299999999998, 0.034327766666666676, 0.042958433333333323, 0.026708800000000008, 0.04156016666666666, 0.05576513333333333, 0.0360466, 0.03025443333333333, 0.021642233333333327, 0.027118199999999995, 0.034154199999999996, 0.040188699999999994, 0.038492033333333335, 0.022764033333333333, 0.0365855, 0.04060523333333334, 0.03177176666666667, 0.022522833333333332, 0.028288600000000004, 0.029091099999999998, 0.025920799999999997, 0.036965266666666684, 0.047071733333333345, 0.032794300000000005, 0.03110723333333334, 0.04732293333333333, 0.0179926, 0.04383706666666667, 0.02441146666666667, 0.04217986666666667], [0.046458233333333335, 0.030096499999999995, 0.02884986666666666, 0.02777053333333333, 0.0339695, 0.03919673333333334, 0.023511066666666667, 0.03831009999999999, 0.05526309999999999, 0.022388799999999997, 0.031539866666666666, 0.02982476666666666, 0.03585466666666667, 0.03217176666666667, 0.032146333333333325, 0.03010913333333333, 0.0, 0.032082766666666665, 0.02358906666666667, 0.0351093, 0.036914333333333334, 0.04056719999999999, 0.03349920000000001, 0.031676166666666665, 0.025394066666666666, 0.024928166666666664, 0.045058799999999996, 0.027387933333333333, 0.0310824, 0.028081066666666675, 0.03480493333333332, 0.04961483333333333, 0.032557633333333336, 0.029355199999999998, 0.035341500000000005, 0.0261469, 0.023144300000000003, 0.030011666666666662, 0.038773199999999994, 0.07286836666666667, 0.03170856666666666, 0.027570166666666666, 0.04477243333333332, 0.022273466666666665, 0.0306243, 0.03136453333333333, 0.04222443333333334, 0.04550750000000001, 0.026488599999999998, 0.06435343333333332], [0.03345203333333334, 0.03237089999999999, 0.04752636666666667, 0.03474033333333334, 0.019500533333333344, 0.02235096666666667, 0.06557020000000001, 0.027557866666666667, 0.03679330000000001, 0.043524499999999994, 0.039477299999999986, 0.0405007, 0.025591500000000003, 0.03267080000000001, 0.021489099999999994, 0.037610300000000006, 0.032082766666666665, 0.0, 0.05066629999999999, 0.040947300000000006, 0.02675566666666667, 0.04823523333333333, 0.029311900000000002, 0.04291893333333334, 0.027063466666666664, 0.04287693333333333, 0.04314580000000001, 0.038149966666666674, 0.0279728, 0.022542133333333332, 0.031592833333333334, 0.0172736, 0.03418243333333333, 0.0386044, 0.022023100000000004, 0.03814689999999999, 0.0316742, 0.0393755, 0.027316933333333338, 0.03265936666666667, 0.015514666666666668, 0.03976983333333334, 0.040428066666666665, 0.025009266666666672, 0.036627466666666664, 0.03622913333333333, 0.021728333333333332, 0.02827383333333333, 0.05727343333333334, 0.018511233333333325], [0.026226799999999998, 0.018441366666666667, 0.03370533333333333, 0.030492133333333334, 0.03550983333333333, 0.0445389, 0.025687799999999997, 0.03817146666666667, 0.031092633333333335, 0.03680150000000001, 0.019318533333333335, 0.03890946666666667, 0.03740916666666667, 0.044993866666666674, 0.039925666666666665, 0.022128600000000005, 0.02358906666666667, 0.05066629999999999, 0.0, 0.034589299999999996, 0.055569533333333324, 0.03370666666666666, 0.035689900000000004, 0.04671589999999999, 0.03319246666666667, 0.036617533333333334, 0.025804466666666664, 0.04642486666666667, 0.0403106, 0.0326195, 0.025400766666666668, 0.017324700000000002, 0.027017266666666664, 0.04576010000000001, 0.03557923333333332, 0.02773676666666667, 0.04800613333333333, 0.028774433333333335, 0.03664906666666666, 0.027982033333333337, 0.03148026666666666, 0.04341966666666666, 0.03378853333333333, 0.0285263, 0.031844333333333336, 0.04501436666666666, 0.039181433333333335, 0.04060833333333334, 0.04440546666666668, 0.021105833333333338], [0.013510600000000001, 0.02183593333333334, 0.0551647, 0.03072693333333333, 0.029969500000000003, 0.0386523, 0.04324956666666667, 0.0437163, 0.0383693, 0.028651599999999996, 0.04349496666666667, 0.03103013333333333, 0.0394501, 0.031337566666666664, 0.03480743333333334, 0.05067846666666667, 0.0351093, 0.040947300000000006, 0.034589299999999996, 0.0, 0.023368566666666667, 0.019312366666666667, 0.02854766666666667, 0.0592289, 0.033841733333333325, 0.036016966666666664, 0.014595866666666669, 0.0386726, 0.02805896666666667, 0.02288073333333333, 0.04158983333333333, 0.027867, 0.028530166666666665, 0.03908329999999999, 0.03073563333333333, 0.028556966666666666, 0.03773063333333333, 0.04010456666666667, 0.030477366666666672, 0.027395933333333334, 0.032016866666666664, 0.0279311, 0.026906366666666664, 0.03799436666666667, 0.023145699999999998, 0.044624166666666666, 0.03985346666666666, 0.042847233333333325, 0.029313833333333334, 0.03346043333333333], [0.035048599999999985, 0.030418500000000008, 0.022580100000000002, 0.026133100000000006, 0.024206366666666666, 0.0294646, 0.039183699999999995, 0.041097699999999994, 0.02843303333333334, 0.03464333333333333, 0.038422333333333336, 0.05723016666666666, 0.028164, 0.03840723333333333, 0.041876999999999984, 0.025099299999999998, 0.036914333333333334, 0.02675566666666667, 0.055569533333333324, 0.023368566666666667, 0.0, 0.021308300000000006, 0.04650603333333333, 0.02299106666666667, 0.03823733333333334, 0.04022466666666667, 0.031404333333333326, 0.0242637, 0.025918266666666665, 0.024381499999999993, 0.029839699999999993, 0.025611400000000003, 0.03354056666666667, 0.034664400000000005, 0.03274566666666667, 0.023500399999999998, 0.036909399999999995, 0.02975636666666666, 0.027108366666666668, 0.04134723333333333, 0.03373726666666667, 0.03806933333333332, 0.04501103333333333, 0.019715133333333332, 0.03189246666666667, 0.023449966666666665, 0.044994833333333345, 0.0251866, 0.03682763333333334, 0.03193273333333333], [0.02011453333333333, 0.041176233333333326, 0.035780966666666664, 0.03949826666666668, 0.04503363333333334, 0.022321799999999996, 0.027132099999999992, 0.04124239999999998, 0.03399563333333334, 0.04021343333333334, 0.04361043333333333, 0.02165903333333333, 0.030492900000000003, 0.0279938, 0.024685199999999997, 0.034327766666666676, 0.04056719999999999, 0.04823523333333333, 0.03370666666666666, 0.019312366666666667, 0.021308300000000006, 0.0, 0.021433499999999998, 0.0338806, 0.032922233333333335, 0.05581546666666667, 0.03425763333333333, 0.03439483333333334, 0.03798516666666667, 0.032288866666666666, 0.035684099999999996, 0.03962223333333333, 0.0367437, 0.020043533333333335, 0.045391, 0.037993766666666665, 0.0229084, 0.03988916666666667, 0.027034266666666664, 0.04078863333333334, 0.028555366666666672, 0.03300446666666666, 0.0276936, 0.04101256666666667, 0.042928066666666674, 0.043239866666666675, 0.03188493333333332, 0.043409800000000005, 0.04407756666666667, 0.024891333333333335], [0.031345033333333334, 0.03199116666666667, 0.03607183333333333, 0.03195403333333333, 0.03438593333333333, 0.028448966666666662, 0.03142233333333333, 0.026189433333333335, 0.0450377, 0.027430600000000003, 0.03816666666666667, 0.04049946666666668, 0.02564743333333333, 0.0371427, 0.03289673333333334, 0.042958433333333323, 0.03349920000000001, 0.029311900000000002, 0.035689900000000004, 0.02854766666666667, 0.04650603333333333, 0.021433499999999998, 0.0, 0.04413023333333333, 0.03595773333333333, 0.03466623333333334, 0.02778856666666667, 0.056266633333333343, 0.0410983, 0.025550633333333336, 0.029067499999999996, 0.033490166666666675, 0.03184393333333334, 0.0268072, 0.03635316666666666, 0.04839416666666666, 0.03391716666666668, 0.03592343333333333, 0.028166366666666665, 0.041203699999999996, 0.04148796666666666, 0.028916199999999996, 0.05141746666666666, 0.03286503333333333, 0.03155173333333333, 0.025906000000000002, 0.039722699999999986, 0.031189300000000003, 0.0480135, 0.04325980000000001], [0.026287066666666668, 0.05605793333333334, 0.026319066666666665, 0.030463633333333337, 0.03536600000000001, 0.03432413333333334, 0.0352593, 0.0529086, 0.04067493333333333, 0.053680900000000004, 0.035508066666666664, 0.04054406666666666, 0.042732066666666665, 0.05849376666666667, 0.029159699999999997, 0.026708800000000008, 0.031676166666666665, 0.04291893333333334, 0.04671589999999999, 0.0592289, 0.02299106666666667, 0.0338806, 0.04413023333333333, 0.0, 0.021604100000000005, 0.04499490000000001, 0.031118499999999997, 0.0320895, 0.037735033333333334, 0.03896363333333334, 0.02586256666666667, 0.04029753333333334, 0.034474066666666664, 0.033486066666666675, 0.037126433333333334, 0.03607346666666667, 0.0131322, 0.02733356666666667, 0.04956116666666667, 0.016181, 0.018503633333333335, 0.04160666666666665, 0.03755323333333333, 0.018582633333333338, 0.0317051, 0.02991236666666667, 0.052980866666666654, 0.0361627, 0.02616486666666666, 0.026730833333333332], [0.03471216666666666, 0.040578800000000005, 0.03829286666666667, 0.028570400000000003, 0.024944966666666672, 0.030626400000000005, 0.0478825, 0.046290866666666666, 0.028871799999999996, 0.02787166666666667, 0.026550766666666666, 0.02060673333333334, 0.039582066666666665, 0.021898233333333333, 0.023811666666666665, 0.04156016666666666, 0.025394066666666666, 0.027063466666666664, 0.03319246666666667, 0.033841733333333325, 0.03823733333333334, 0.032922233333333335, 0.03595773333333333, 0.021604100000000005, 0.0, 0.03986403333333334, 0.042967633333333324, 0.04012980000000001, 0.04846066666666666, 0.039733, 0.05895563333333334, 0.03702523333333333, 0.023592366666666666, 0.028823333333333333, 0.03787783333333333, 0.05012606666666668, 0.046571933333333336, 0.04049703333333334, 0.0149799, 0.03280486666666667, 0.03209156666666667, 0.04479436666666666, 0.018514633333333336, 0.04511703333333333, 0.027930399999999987, 0.031934366666666665, 0.027255766666666664, 0.02553153333333334, 0.03941073333333334, 0.04292473333333334], [0.035836299999999995, 0.039132600000000003, 0.04043303333333333, 0.04019073333333334, 0.04062133333333332, 0.04086476666666666, 0.047408566666666666, 0.044358433333333336, 0.03546860000000001, 0.0494119, 0.03335913333333333, 0.04579973333333334, 0.03330283333333333, 0.047310866666666666, 0.048173133333333326, 0.05576513333333333, 0.024928166666666664, 0.04287693333333333, 0.036617533333333334, 0.036016966666666664, 0.04022466666666667, 0.05581546666666667, 0.03466623333333334, 0.04499490000000001, 0.03986403333333334, 0.0, 0.0229845, 0.03753893333333334, 0.04542213333333333, 0.04347813333333332, 0.042174699999999996, 0.027451233333333335, 0.02872050000000001, 0.04799986666666666, 0.025185966666666663, 0.024848000000000002, 0.027084100000000007, 0.027542866666666665, 0.024753699999999997, 0.036117, 0.017027066666666663, 0.0323141, 0.04017206666666667, 0.03049516666666667, 0.04573706666666667, 0.031520133333333325, 0.03352453333333334, 0.030749600000000002, 0.021640066666666666, 0.0218197], [0.04136550000000001, 0.0319366, 0.02770336666666666, 0.03443910000000001, 0.03380693333333333, 0.047631, 0.035320333333333336, 0.025591799999999998, 0.025555733333333337, 0.028658000000000003, 0.02487263333333333, 0.023155266666666664, 0.015999266666666664, 0.023566833333333335, 0.022790566666666665, 0.0360466, 0.045058799999999996, 0.04314580000000001, 0.025804466666666664, 0.014595866666666669, 0.031404333333333326, 0.03425763333333333, 0.02778856666666667, 0.031118499999999997, 0.042967633333333324, 0.0229845, 0.0, 0.040185733333333334, 0.0601984, 0.03422293333333334, 0.04242873333333333, 0.029856599999999997, 0.035243466666666674, 0.03515193333333333, 0.04167356666666666, 0.026469833333333328, 0.029698966666666663, 0.04490636666666666, 0.02895353333333333, 0.03037103333333334, 0.03344893333333333, 0.04044833333333333, 0.0189734, 0.021572, 0.020673333333333325, 0.03459186666666667, 0.027409599999999996, 0.0393078, 0.053152566666666665, 0.027062833333333335], [0.025052800000000004, 0.02434673333333333, 0.03815833333333334, 0.033349866666666665, 0.04841096666666665, 0.023428233333333336, 0.05380619999999999, 0.026865833333333332, 0.032391066666666676, 0.025828866666666665, 0.03917219999999999, 0.04175496666666667, 0.03335980000000001, 0.03499556666666667, 0.033765333333333335, 0.03025443333333333, 0.027387933333333333, 0.038149966666666674, 0.04642486666666667, 0.0386726, 0.0242637, 0.03439483333333334, 0.056266633333333343, 0.0320895, 0.04012980000000001, 0.03753893333333334, 0.040185733333333334, 0.0, 0.03700936666666666, 0.03237076666666667, 0.062289033333333334, 0.038131333333333337, 0.023749233333333335, 0.03544103333333332, 0.01624936666666667, 0.025670300000000007, 0.0289304, 0.026518933333333338, 0.03111026666666667, 0.03276496666666667, 0.034249299999999996, 0.03863026666666667, 0.042246500000000006, 0.042594700000000006, 0.034169866666666666, 0.045648266666666666, 0.03942440000000001, 0.03339246666666666, 0.04002466666666666, 0.040144833333333345], [0.03018473333333333, 0.0335862, 0.026897266666666666, 0.029655433333333335, 0.026410766666666665, 0.033541466666666665, 0.03528123333333333, 0.029472533333333335, 0.0324818, 0.021691333333333333, 0.03025793333333333, 0.021273633333333333, 0.02881633333333333, 0.03445096666666666, 0.03182520000000001, 0.021642233333333327, 0.0310824, 0.0279728, 0.0403106, 0.02805896666666667, 0.025918266666666665, 0.03798516666666667, 0.0410983, 0.037735033333333334, 0.04846066666666666, 0.04542213333333333, 0.0601984, 0.03700936666666666, 0.0, 0.04380913333333333, 0.035837933333333336, 0.0289051, 0.030744500000000004, 0.040432333333333334, 0.0327873, 0.04550713333333334, 0.03408116666666666, 0.04134583333333333, 0.03297710000000001, 0.0290432, 0.042164099999999996, 0.03213283333333334, 0.03828436666666667, 0.03343343333333334, 0.029353766666666673, 0.03257836666666668, 0.017758033333333336, 0.040361533333333345, 0.041977466666666664, 0.03664753333333333], [0.024023199999999995, 0.04783470000000001, 0.04263833333333334, 0.03005783333333333, 0.025983833333333334, 0.03198816666666666, 0.030276133333333337, 0.028859000000000003, 0.0333964, 0.0360285, 0.037374700000000004, 0.02691033333333333, 0.024646099999999997, 0.02766576666666667, 0.030912866666666674, 0.027118199999999995, 0.028081066666666675, 0.022542133333333332, 0.0326195, 0.02288073333333333, 0.024381499999999993, 0.032288866666666666, 0.025550633333333336, 0.03896363333333334, 0.039733, 0.04347813333333332, 0.03422293333333334, 0.03237076666666667, 0.04380913333333333, 0.0, 0.029919833333333336, 0.03572443333333333, 0.033977, 0.033914033333333336, 0.030750266666666668, 0.028719933333333333, 0.032551299999999984, 0.043444633333333336, 0.026449899999999995, 0.03975523333333334, 0.03354433333333333, 0.032764633333333334, 0.03350740000000001, 0.038725833333333334, 0.030506400000000003, 0.03507483333333333, 0.038971533333333336, 0.035259533333333336, 0.04427530000000001, 0.03294226666666667], [0.027311099999999998, 0.05417926666666667, 0.029633266666666675, 0.05284663333333333, 0.029065300000000006, 0.0481844, 0.0940566, 0.03532186666666667, 0.038256899999999996, 0.03804623333333333, 0.03151406666666666, 0.034899599999999996, 0.02970733333333334, 0.037911733333333336, 0.03788363333333333, 0.034154199999999996, 0.03480493333333332, 0.031592833333333334, 0.025400766666666668, 0.04158983333333333, 0.029839699999999993, 0.035684099999999996, 0.029067499999999996, 0.02586256666666667, 0.05895563333333334, 0.042174699999999996, 0.04242873333333333, 0.062289033333333334, 0.035837933333333336, 0.029919833333333336, 0.0, 0.0510628, 0.03340953333333333, 0.03735276666666667, 0.025537866666666666, 0.024704533333333334, 0.025647999999999997, 0.025490033333333335, 0.0352295, 0.03275653333333334, 0.03743203333333332, 0.03880906666666667, 0.023216399999999998, 0.027159766666666675, 0.03241150000000001, 0.03712553333333332, 0.029179733333333343, 0.0382357, 0.03186920000000001, 0.019947500000000003], [0.03577349999999999, 0.023314600000000005, 0.04099856666666667, 0.033728933333333336, 0.047610666666666676, 0.0229614, 0.032722499999999995, 0.04009490000000001, 0.05329206666666667, 0.04429516666666666, 0.030660533333333323, 0.034289599999999996, 0.05352733333333332, 0.0376749, 0.043636933333333336, 0.040188699999999994, 0.04961483333333333, 0.0172736, 0.017324700000000002, 0.027867, 0.025611400000000003, 0.03962223333333333, 0.033490166666666675, 0.04029753333333334, 0.03702523333333333, 0.027451233333333335, 0.029856599999999997, 0.038131333333333337, 0.0289051, 0.03572443333333333, 0.0510628, 0.0, 0.04146286666666666, 0.030585966666666665, 0.032770933333333335, 0.01943676666666666, 0.04498676666666668, 0.03630039999999999, 0.02292843333333333, 0.037143199999999994, 0.03566126666666666, 0.0368282, 0.021088400000000004, 0.0418986, 0.02702103333333333, 0.021743166666666668, 0.040697933333333325, 0.03877643333333333, 0.03332233333333333, 0.05279313333333333], [0.022161833333333335, 0.04832176666666668, 0.030732633333333342, 0.043969999999999995, 0.02816703333333333, 0.023092900000000003, 0.02990606666666667, 0.04048256666666666, 0.020990933333333336, 0.03868683333333333, 0.028477933333333334, 0.04349796666666667, 0.024165833333333338, 0.023607366666666667, 0.03436259999999999, 0.038492033333333335, 0.032557633333333336, 0.03418243333333333, 0.027017266666666664, 0.028530166666666665, 0.03354056666666667, 0.0367437, 0.03184393333333334, 0.034474066666666664, 0.023592366666666666, 0.02872050000000001, 0.035243466666666674, 0.023749233333333335, 0.030744500000000004, 0.033977, 0.03340953333333333, 0.04146286666666666, 0.0, 0.029842200000000006, 0.04688513333333333, 0.03998073333333333, 0.052377700000000006, 0.03350843333333334, 0.05173553333333333, 0.0355778, 0.026851066666666673, 0.03156286666666667, 0.0348724, 0.0408465, 0.0492394, 0.03695230000000001, 0.039704466666666674, 0.026309866666666664, 0.027196033333333335, 0.042820733333333326], [0.019482299999999998, 0.03546186666666666, 0.020855, 0.036067000000000016, 0.026860466666666666, 0.03928283333333333, 0.038174266666666665, 0.04272796666666667, 0.03450313333333334, 0.042849066666666664, 0.04108293333333333, 0.03959983333333334, 0.03844776666666667, 0.016834666666666668, 0.03232206666666666, 0.022764033333333333, 0.029355199999999998, 0.0386044, 0.04576010000000001, 0.03908329999999999, 0.034664400000000005, 0.020043533333333335, 0.0268072, 0.033486066666666675, 0.028823333333333333, 0.04799986666666666, 0.03515193333333333, 0.03544103333333332, 0.040432333333333334, 0.033914033333333336, 0.03735276666666667, 0.030585966666666665, 0.029842200000000006, 0.0, 0.023912733333333328, 0.03192319999999999, 0.033161500000000003, 0.0336962, 0.03303043333333333, 0.03750696666666667, 0.03264496666666667, 0.03394426666666666, 0.029052199999999993, 0.043176566666666666, 0.033213, 0.012351533333333335, 0.04923643333333333, 0.024758133333333335, 0.04209663333333333, 0.02927566666666667], [0.034978133333333335, 0.0416587, 0.03383596666666666, 0.0333405, 0.04446043333333334, 0.03489006666666668, 0.03612936666666667, 0.02354813333333333, 0.0381441, 0.028329366666666665, 0.02790136666666666, 0.03442096666666667, 0.030947633333333342, 0.026284066666666668, 0.03257173333333333, 0.0365855, 0.035341500000000005, 0.022023100000000004, 0.03557923333333332, 0.03073563333333333, 0.03274566666666667, 0.045391, 0.03635316666666666, 0.037126433333333334, 0.03787783333333333, 0.025185966666666663, 0.04167356666666666, 0.01624936666666667, 0.0327873, 0.030750266666666668, 0.025537866666666666, 0.032770933333333335, 0.04688513333333333, 0.023912733333333328, 0.0, 0.039144533333333335, 0.028324733333333327, 0.031329333333333334, 0.03310193333333335, 0.04243366666666666, 0.04958606666666667, 0.030597633333333336, 0.028528633333333327, 0.0356877, 0.024220266666666667, 0.04716646666666666, 0.028859466666666667, 0.021292033333333335, 0.03201196666666667, 0.0273741], [0.03797516666666667, 0.034609299999999996, 0.0391585, 0.02754323333333333, 0.02249076666666667, 0.0256132, 0.0365271, 0.038551300000000004, 0.03454263333333332, 0.03501226666666667, 0.0339852, 0.018775033333333333, 0.017430199999999996, 0.03713693333333334, 0.04759236666666666, 0.04060523333333334, 0.0261469, 0.03814689999999999, 0.02773676666666667, 0.028556966666666666, 0.023500399999999998, 0.037993766666666665, 0.04839416666666666, 0.03607346666666667, 0.05012606666666668, 0.024848000000000002, 0.026469833333333328, 0.025670300000000007, 0.04550713333333334, 0.028719933333333333, 0.024704533333333334, 0.01943676666666666, 0.03998073333333333, 0.03192319999999999, 0.039144533333333335, 0.0, 0.022984366666666665, 0.03634336666666666, 0.03990313333333335, 0.03362086666666667, 0.026413000000000002, 0.035231900000000003, 0.047621466666666674, 0.043553266666666667, 0.03359033333333333, 0.029427433333333336, 0.031504533333333334, 0.03482640000000001, 0.03497906666666666, 0.020654266666666664], [0.0279826, 0.042051533333333335, 0.03370086666666666, 0.034921600000000004, 0.04779090000000001, 0.027959633333333334, 0.045071700000000006, 0.02544816666666666, 0.04677206666666666, 0.02849723333333333, 0.050670066666666666, 0.03765186666666667, 0.06541280000000001, 0.0397215, 0.03529366666666667, 0.03177176666666667, 0.023144300000000003, 0.0316742, 0.04800613333333333, 0.03773063333333333, 0.036909399999999995, 0.0229084, 0.03391716666666668, 0.0131322, 0.046571933333333336, 0.027084100000000007, 0.029698966666666663, 0.0289304, 0.03408116666666666, 0.032551299999999984, 0.025647999999999997, 0.04498676666666668, 0.052377700000000006, 0.033161500000000003, 0.028324733333333327, 0.022984366666666665, 0.0, 0.03830176666666667, 0.03368960000000001, 0.03085773333333333, 0.03519970000000001, 0.05164966666666667, 0.050983766666666645, 0.029384600000000004, 0.031673933333333334, 0.032347100000000004, 0.0317505, 0.027376900000000006, 0.03605036666666667, 0.037488299999999995], [0.028340099999999997, 0.03382279999999999, 0.040158033333333336, 0.022958899999999997, 0.020490966666666662, 0.03400476666666667, 0.024747600000000005, 0.042574833333333326, 0.018236900000000004, 0.024787299999999995, 0.03858876666666666, 0.018053699999999995, 0.0302857, 0.04637359999999999, 0.03237163333333332, 0.022522833333333332, 0.030011666666666662, 0.0393755, 0.028774433333333335, 0.04010456666666667, 0.02975636666666666, 0.03988916666666667, 0.03592343333333333, 0.02733356666666667, 0.04049703333333334, 0.027542866666666665, 0.04490636666666666, 0.026518933333333338, 0.04134583333333333, 0.043444633333333336, 0.025490033333333335, 0.03630039999999999, 0.03350843333333334, 0.0336962, 0.031329333333333334, 0.03634336666666666, 0.03830176666666667, 0.0, 0.04267953333333334, 0.028615833333333333, 0.028366666666666665, 0.019629866666666666, 0.0348855, 0.021136566666666662, 0.0444159, 0.029734566666666663, 0.03592546666666666, 0.04194486666666667, 0.034079733333333334, 0.02645596666666666], [0.04071603333333334, 0.039080466666666674, 0.026225500000000002, 0.028028166666666667, 0.037726133333333335, 0.042466233333333325, 0.052498899999999994, 0.04126356666666667, 0.026515066666666663, 0.03584673333333334, 0.05902433333333334, 0.0209527, 0.039888433333333334, 0.026398766666666663, 0.05451736666666666, 0.028288600000000004, 0.038773199999999994, 0.027316933333333338, 0.03664906666666666, 0.030477366666666672, 0.027108366666666668, 0.027034266666666664, 0.028166366666666665, 0.04956116666666667, 0.0149799, 0.024753699999999997, 0.02895353333333333, 0.03111026666666667, 0.03297710000000001, 0.026449899999999995, 0.0352295, 0.02292843333333333, 0.05173553333333333, 0.03303043333333333, 0.03310193333333335, 0.03990313333333335, 0.03368960000000001, 0.04267953333333334, 0.0, 0.0364844, 0.0265888, 0.02974516666666667, 0.04186290000000001, 0.0321189, 0.04293766666666666, 0.030304300000000006, 0.038531133333333335, 0.0334478, 0.021481199999999995, 0.03152333333333333], [0.023784366666666664, 0.027081266666666666, 0.024970000000000003, 0.07341616666666669, 0.039786633333333335, 0.025816266666666667, 0.03465153333333333, 0.04046196666666667, 0.04970173333333334, 0.04061763333333333, 0.03503356666666667, 0.04100203333333333, 0.036045966666666665, 0.0337256, 0.04069446666666667, 0.029091099999999998, 0.07286836666666667, 0.03265936666666667, 0.027982033333333337, 0.027395933333333334, 0.04134723333333333, 0.04078863333333334, 0.041203699999999996, 0.016181, 0.03280486666666667, 0.036117, 0.03037103333333334, 0.03276496666666667, 0.0290432, 0.03975523333333334, 0.03275653333333334, 0.037143199999999994, 0.0355778, 0.03750696666666667, 0.04243366666666666, 0.03362086666666667, 0.03085773333333333, 0.028615833333333333, 0.0364844, 0.0, 0.03684753333333334, 0.03585256666666665, 0.033942266666666665, 0.0413287, 0.02575663333333333, 0.0457186, 0.019815766666666658, 0.02352033333333333, 0.032826933333333336, 0.03147006666666666], [0.0298796, 0.017440100000000004, 0.0