[[0.0, 1.072416133333333, 0.07321529999999998, 0.03141956666666667, 0.0554965, 0.06459686666666666, 0.06517556666666666, 0.022383233333333332, 0.04602493333333333, 0.018932366666666676, 0.028799066666666664, 0.0396512, 0.052921733333333346, 0.0361988, 0.03453056666666667, 0.04920386666666667, 0.0431848, 0.04516533333333334, 0.025491966666666664, 0.027636166666666667, 0.03743090000000001, 0.0277409, 0.025627533333333334, 0.03517293333333333, 0.0513293, 0.04610903333333334, 0.03691136666666666, 0.033748299999999995, 0.06124916666666666, 0.0278299, 0.0284891, 0.0371676, 0.044223900000000003, 0.0507054, 0.028790233333333325, 0.02696476666666667, 0.032886033333333335, 0.053508299999999995, 0.0276983, 0.036425233333333334, 0.03658346666666667, 0.038553933333333325, 0.025698099999999998, 0.039350666666666666, 0.03156363333333335, 0.035210866666666674, 0.049526566666666674, 0.04215963333333333, 0.032499299999999995, 0.04651646666666666], [1.072416133333333, 0.0, 0.06354140000000001, 0.06301556666666666, 0.05684033333333335, 0.06153113333333333, 0.0633316, 0.027317533333333335, 0.04888783333333333, 0.023338599999999994, 0.02862506666666667, 0.04366413333333334, 0.056717666666666666, 0.03691926666666666, 0.039860433333333334, 0.04602886666666667, 0.0414744, 0.04823523333333334, 0.03469493333333332, 0.024370100000000006, 0.03153146666666666, 0.03034809999999999, 0.022694966666666663, 0.0416717, 0.03372096666666666, 0.0352554, 0.032532066666666665, 0.04112226666666667, 0.05076483333333333, 0.03662936666666667, 0.029528533333333332, 0.03355533333333333, 0.04409409999999999, 0.06026070000000001, 0.027007399999999994, 0.025222933333333333, 0.02839483333333333, 0.05812993333333332, 0.0201697, 0.02912706666666666, 0.02943776666666666, 0.037639799999999994, 0.030861066666666666, 0.04115906666666667, 0.04177643333333334, 0.04209040000000001, 0.0502322, 0.0371241, 0.030163799999999994, 0.03693080000000001], [0.07321529999999998, 0.06354140000000001, 0.0, 0.2669941333333334, 0.04033336666666666, 0.04583726666666667, 0.04149516666666667, 0.03536483333333333, 0.032296233333333334, 0.027325466666666666, 0.030981300000000003, 0.043886133333333334, 0.036424333333333336, 0.03153486666666667, 0.03788766666666667, 0.035380833333333334, 0.028803766666666664, 0.04066076666666667, 0.029330066666666665, 0.04561026666666667, 0.05195343333333333, 0.06384939999999999, 0.025979400000000003, 0.03661886666666667, 0.03627723333333334, 0.04068276666666667, 0.03499223333333333, 0.020687833333333332, 0.0328791, 0.031208233333333342, 0.027226366666666668, 0.025142233333333337, 0.042407033333333344, 0.046272233333333336, 0.022862666666666667, 0.02330036666666667, 0.0384457, 0.034223800000000006, 0.04966870000000001, 0.04276809999999998, 0.03591606666666666, 0.02328986666666666, 0.0580934, 0.056915600000000004, 0.022477166666666666, 0.027070766666666673, 0.02895503333333333, 0.03896446666666666, 0.0449988, 0.05479793333333333], [0.03141956666666667, 0.06301556666666666, 0.2669941333333334, 0.0, 0.04986076666666667, 0.04254156666666667, 0.04939256666666668, 0.030294900000000003, 0.04743000000000001, 0.019694500000000004, 0.024275166666666664, 0.0273267, 0.028798866666666662, 0.03445993333333334, 0.035008700000000004, 0.04045139999999999, 0.025400066666666665, 0.04525676666666666, 0.036581499999999996, 0.03860409999999999, 0.04077013333333333, 0.03253233333333334, 0.022723566666666667, 0.035547333333333334, 0.0236132, 0.02349873333333333, 0.017362166666666668, 0.02653793333333333, 0.03186303333333334, 0.022606599999999998, 0.024774266666666673, 0.03714896666666666, 0.03649083333333333, 0.03942546666666667, 0.036356733333333335, 0.04419073333333332, 0.0434509, 0.04158923333333333, 0.05229343333333334, 0.026249000000000005, 0.019967866666666667, 0.028185499999999995, 0.06253953333333333, 0.06051669999999999, 0.035547600000000006, 0.029111999999999996, 0.0167018, 0.020770900000000002, 0.023292, 0.034916033333333325], [0.0554965, 0.05684033333333335, 0.04033336666666666, 0.04986076666666667, 0.0, 0.9297728666666667, 0.2727184666666667, 0.05172306666666667, 0.05931626666666666, 0.03937763333333332, 0.0361462, 0.036396066666666664, 0.04079023333333333, 0.054201366666666674, 0.038439133333333333, 0.032043800000000004, 0.03189006666666666, 0.03960006666666666, 0.030264233333333338, 0.018154033333333333, 0.016035599999999997, 0.02164733333333333, 0.02825203333333333, 0.02745536666666667, 0.024883633333333332, 0.026317, 0.030036833333333336, 0.035918133333333324, 0.02500336666666666, 0.048491033333333336, 0.0481834, 0.035581433333333336, 0.05870200000000001, 0.05799006666666666, 0.033715666666666665, 0.035457466666666666, 0.03846736666666666, 0.0314554, 0.029992299999999993, 0.032011899999999996, 0.032552366666666666, 0.036271199999999996, 0.043643, 0.03747123333333334, 0.03636350000000001, 0.03429753333333334, 0.03158526666666666, 0.04133713333333334, 0.034685266666666666, 0.0182067], [0.06459686666666666, 0.06153113333333333, 0.04583726666666667, 0.04254156666666667, 0.9297728666666667, 0.0, 0.32358723333333334, 0.06389743333333332, 0.0584081, 0.044929533333333334, 0.035121566666666666, 0.0382706, 0.048000299999999996, 0.04738086666666667, 0.03401596666666666, 0.03043696666666667, 0.031117966666666667, 0.03946793333333333, 0.031853199999999984, 0.023216133333333337, 0.022502266666666663, 0.026837566666666667, 0.024564133333333342, 0.025652700000000004, 0.033649899999999996, 0.03700646666666667, 0.0345155, 0.03834236666666667, 0.035712999999999995, 0.039396900000000006, 0.0331588, 0.025984666666666666, 0.05714946666666667, 0.04939680000000001, 0.025664700000000002, 0.030913099999999995, 0.03254056666666667, 0.04056386666666667, 0.034294233333333334, 0.0317891, 0.029695299999999997, 0.035591533333333335, 0.0388087, 0.03950323333333333, 0.03058536666666667, 0.030812166666666665, 0.038322766666666674, 0.04362830000000001, 0.038036033333333344, 0.024199833333333334], [0.06517556666666666, 0.0633316, 0.04149516666666667, 0.04939256666666668, 0.2727184666666667, 0.32358723333333334, 0.0, 0.08005783333333331, 0.08721316666666667, 0.041989000000000005, 0.0498835, 0.06139713333333333, 0.043600799999999995, 0.031284599999999996, 0.024652599999999997, 0.0249899, 0.024924433333333336, 0.043861399999999995, 0.035374199999999995, 0.0358828, 0.033123266666666665, 0.0358601, 0.03356923333333334, 0.03936119999999999, 0.03615666666666666, 0.03648526666666667, 0.0504419, 0.030767400000000004, 0.03638293333333333, 0.04278276666666666, 0.03796089999999999, 0.03488036666666666, 0.028984733333333335, 0.02936946666666667, 0.02639833333333333, 0.03481696666666668, 0.04673483333333333, 0.026046533333333333, 0.0427003, 0.028568833333333345, 0.026532166666666666, 0.03189449999999999, 0.03966416666666666, 0.042379633333333326, 0.0318791, 0.033864200000000004, 0.03837763333333335, 0.0291902, 0.03365683333333333, 0.041245333333333314], [0.022383233333333332, 0.027317533333333335, 0.03536483333333333, 0.030294900000000003, 0.05172306666666667, 0.06389743333333332, 0.08005783333333331, 0.0, 0.20821436666666668, 0.04404936666666668, 0.03737766666666666, 0.04590426666666666, 0.043394133333333335, 0.04929870000000001, 0.05589803333333333, 0.0549185, 0.039309, 0.06472586666666666, 0.048031866666666666, 0.04715829999999999, 0.04611153333333333, 0.05134953333333333, 0.03157406666666666, 0.0464485, 0.04202276666666666, 0.04897830000000001, 0.04878163333333333, 0.035074366666666676, 0.036263300000000005, 0.025710166666666673, 0.0317274, 0.031812266666666665, 0.028118866666666666, 0.04297530000000001, 0.03673963333333333, 0.03285476666666668, 0.027651533333333336, 0.0391167, 0.02072403333333334, 0.021883133333333332, 0.016189866666666664, 0.022137533333333334, 0.05066523333333332, 0.03774979999999999, 0.03008296666666667, 0.020140566666666665, 0.016051500000000003, 0.035543533333333335, 0.03821783333333335, 0.02565786666666667], [0.04602493333333333, 0.04888783333333333, 0.032296233333333334, 0.04743000000000001, 0.05931626666666666, 0.0584081, 0.08721316666666667, 0.20821436666666668, 0.0, 0.07824623333333333, 0.061568866666666666, 0.043182799999999986, 0.05498843333333334, 0.06263663333333334, 0.05240349999999999, 0.03831976666666667, 0.033726466666666656, 0.042317566666666674, 0.0484536, 0.041095166666666676, 0.04413696666666667, 0.050135033333333336, 0.041260433333333346, 0.07483246666666667, 0.052570133333333324, 0.05631373333333335, 0.06894396666666665, 0.051928333333333326, 0.0626404, 0.047219166666666666, 0.040495100000000006, 0.0409863, 0.04543153333333334, 0.029887599999999997, 0.02889823333333333, 0.04185753333333333, 0.03755633333333333, 0.02897283333333333, 0.03952520000000001, 0.04347976666666666, 0.04792033333333333, 0.030972533333333333, 0.040958633333333334, 0.040116933333333334, 0.044572499999999994, 0.0417461, 0.025625233333333334, 0.03472583333333334, 0.027581966666666673, 0.02669570000000001], [0.018932366666666676, 0.023338599999999994, 0.027325466666666666, 0.019694500000000004, 0.03937763333333332, 0.044929533333333334, 0.041989000000000005, 0.04404936666666668, 0.07824623333333333, 0.0, 1.0529114333333334, 0.3355133666666666, 0.0386319, 0.06400933333333335, 0.03895853333333334, 0.03600883333333334, 0.03987653333333334, 0.0360651, 0.05647056666666665, 0.04231010000000001, 0.05046046666666667, 0.03284243333333333, 0.050439800000000014, 0.02845493333333333, 0.0420637, 0.047773600000000006, 0.03590973333333334, 0.0319575, 0.03006076666666667, 0.0429232, 0.04697306666666666, 0.042199966666666665, 0.038579866666666664, 0.037523999999999995, 0.03754763333333333, 0.03837493333333333, 0.03648893333333334, 0.028788799999999996, 0.023150066666666667, 0.018680899999999997, 0.019921966666666662, 0.034875633333333336, 0.0482195, 0.025688600000000002, 0.03782276666666667, 0.0361833, 0.027580633333333326, 0.02501456666666667, 0.022653033333333333, 0.039477000000000005], [0.028799066666666664, 0.02862506666666667, 0.030981300000000003, 0.024275166666666664, 0.0361462, 0.035121566666666666, 0.0498835, 0.03737766666666666, 0.061568866666666666, 1.0529114333333334, 0.0, 0.4325051666666666, 0.0345631, 0.06896563333333335, 0.03664116666666667, 0.0332235, 0.036020633333333336, 0.03366473333333332, 0.05995776666666669, 0.046389, 0.05510293333333334, 0.041322199999999996, 0.03810369999999999, 0.028972599999999994, 0.036965733333333334, 0.04773533333333334, 0.0435477, 0.026483966666666664, 0.03007356666666666, 0.04405863333333332, 0.0585562, 0.033707, 0.0399705, 0.03580516666666667, 0.026279399999999994, 0.0248256, 0.0251972, 0.03401159999999999, 0.030391500000000002, 0.022256233333333333, 0.018304666666666667, 0.03523176666666667, 0.045404733333333336, 0.021440633333333334, 0.035110066666666676, 0.041793933333333325, 0.038626633333333334, 0.0299664, 0.023867633333333332, 0.0448217], [0.0396512, 0.04366413333333334, 0.043886133333333334, 0.0273267, 0.036396066666666664, 0.0382706, 0.06139713333333333, 0.04590426666666666, 0.043182799999999986, 0.3355133666666666, 0.4325051666666666, 0.0, 0.059253799999999995, 0.09719573333333331, 0.05965649999999999, 0.0541193, 0.05354316666666666, 0.024187966666666665, 0.05580759999999999, 0.0363777, 0.04376886666666666, 0.04165809999999998, 0.05288843333333333, 0.03827876666666668, 0.04554669999999999, 0.05833323333333333, 0.05789223333333332, 0.03837206666666667, 0.044427633333333334, 0.03566476666666666, 0.041194133333333334, 0.026256199999999997, 0.06012213333333333, 0.048070266666666674, 0.04269703333333335, 0.03707286666666666, 0.046370333333333326, 0.027461500000000003, 0.028031933333333328, 0.022937666666666676, 0.013391533333333335, 0.021713666666666673, 0.029911333333333328, 0.0205276, 0.03287173333333334, 0.03616936666666666, 0.03429896666666666, 0.02396296666666667, 0.030294299999999996, 0.053657899999999994], [0.052921733333333346, 0.056717666666666666, 0.036424333333333336, 0.028798866666666662, 0.04079023333333333, 0.048000299999999996, 0.043600799999999995, 0.043394133333333335, 0.05498843333333334, 0.0386319, 0.0345631, 0.059253799999999995, 0.0, 0.2564529333333333, 0.04091543333333334, 0.046530800000000004, 0.03485663333333333, 0.019905799999999998, 0.02534303333333334, 0.03991989999999999, 0.033678366666666675, 0.07240516666666666, 0.05262476666666666, 0.0539291, 0.05377253333333333, 0.04576873333333333, 0.030738433333333325, 0.033461866666666666, 0.03790706666666666, 0.046113833333333326, 0.03515093333333332, 0.03203983333333333, 0.06041383333333331, 0.044861933333333326, 0.048588033333333336, 0.05453443333333334, 0.049180466666666686, 0.03597486666666667, 0.0414946, 0.04469316666666667, 0.04354336666666666, 0.0350089, 0.02397313333333333, 0.024220033333333328, 0.04981846666666666, 0.04269653333333333, 0.03902636666666665, 0.031415866666666674, 0.02589129999999999, 0.02838946666666667], [0.0361988, 0.03691926666666666, 0.03153486666666667, 0.03445993333333334, 0.054201366666666674, 0.04738086666666667, 0.031284599999999996, 0.04929870000000001, 0.06263663333333334, 0.06400933333333335, 0.06896563333333335, 0.09719573333333331, 0.2564529333333333, 0.0, 0.03955766666666665, 0.032555966666666665, 0.032213066666666665, 0.0288927, 0.020223233333333333, 0.04453746666666667, 0.0440941, 0.055662033333333326, 0.06820886666666666, 0.05158056666666666, 0.030563833333333335, 0.03277496666666667, 0.03838469999999999, 0.03388056666666666, 0.0422854, 0.033798533333333346, 0.019326433333333334, 0.03461056666666667, 0.048859900000000005, 0.05941656666666667, 0.048299533333333346, 0.058983799999999996, 0.04457403333333334, 0.04071303333333333, 0.0309993, 0.04283356666666666, 0.03884906666666667, 0.05025499999999999, 0.0325089, 0.04459099999999999, 0.032524033333333334, 0.037199033333333326, 0.03501543333333334, 0.0299785, 0.038238233333333344, 0.026496333333333337], [0.03453056666666667, 0.039860433333333334, 0.03788766666666667, 0.035008700000000004, 0.038439133333333333, 0.03401596666666666, 0.024652599999999997, 0.05589803333333333, 0.05240349999999999, 0.03895853333333334, 0.03664116666666667, 0.05965649999999999, 0.04091543333333334, 0.03955766666666665, 0.0, 1.0521751333333333, 0.4263623333333333, 0.06998906666666664, 0.052878399999999985, 0.027031966666666667, 0.0231743, 0.0381129, 0.0389944, 0.03220309999999999, 0.03433366666666666, 0.030779800000000003, 0.034275966666666664, 0.03133579999999999, 0.03629170000000001, 0.02820609999999999, 0.036127133333333346, 0.0253615, 0.04026540000000001, 0.0349155, 0.04889323333333334, 0.05778433333333334, 0.0593522, 0.028432000000000002, 0.0248525, 0.04613046666666667, 0.04026593333333332, 0.028314699999999995, 0.04546809999999999, 0.024112066666666668, 0.029868999999999996, 0.032174566666666675, 0.03218359999999999, 0.03503496666666668, 0.025375166666666667, 0.02845383333333333], [0.04920386666666667, 0.04602886666666667, 0.035380833333333334, 0.04045139999999999, 0.032043800000000004, 0.03043696666666667, 0.0249899, 0.0549185, 0.03831976666666667, 0.03600883333333334, 0.0332235, 0.0541193, 0.046530800000000004, 0.032555966666666665, 1.0521751333333333, 0.0, 0.49663426666666666, 0.0834788, 0.057314566666666664, 0.03100846666666668, 0.02323386666666667, 0.034214433333333336, 0.037157666666666665, 0.0350848, 0.03596013333333334, 0.02832986666666667, 0.033612733333333325, 0.030282433333333327, 0.03235916666666667, 0.0294447, 0.03392236666666667, 0.0281723, 0.05072666666666667, 0.03273993333333333, 0.047879400000000016, 0.05266259999999998, 0.06010420000000001, 0.029099266666666665, 0.024348333333333336, 0.03729623333333335, 0.03580776666666668, 0.029145066666666664, 0.0503155, 0.036161666666666654, 0.03468843333333333, 0.032794333333333335, 0.0334621, 0.035290766666666674, 0.0269693, 0.0248654], [0.0431848, 0.0414744, 0.028803766666666664, 0.025400066666666665, 0.03189006666666666, 0.031117966666666667, 0.024924433333333336, 0.039309, 0.033726466666666656, 0.03987653333333334, 0.036020633333333336, 0.05354316666666666, 0.03485663333333333, 0.032213066666666665, 0.4263623333333333, 0.49663426666666666, 0.0, 0.0687398, 0.07050166666666666, 0.030101299999999998, 0.024980233333333334, 0.0322174, 0.045739733333333324, 0.04179180000000001, 0.03919483333333334, 0.03269956666666666, 0.040008933333333344, 0.03316583333333334, 0.03374196666666667, 0.03962416666666667, 0.03979673333333333, 0.03204096666666667, 0.06170713333333334, 0.04903753333333333, 0.04804106666666666, 0.05576156666666666, 0.05615016666666666, 0.0321934, 0.0373679, 0.026945666666666666, 0.030588366666666672, 0.03268470000000001, 0.05182446666666667, 0.03994016666666667, 0.0353455, 0.03135823333333333, 0.03180246666666666, 0.027748700000000005, 0.03078716666666666, 0.028667466666666665], [0.04516533333333334, 0.04823523333333334, 0.04066076666666667, 0.04525676666666666, 0.03960006666666666, 0.03946793333333333, 0.043861399999999995, 0.06472586666666666, 0.042317566666666674, 0.0360651, 0.03366473333333332, 0.024187966666666665, 0.019905799999999998, 0.0288927, 0.06998906666666664, 0.0834788, 0.0687398, 0.0, 0.29461110000000007, 0.03576723333333333, 0.03218116666666667, 0.0364874, 0.04607123333333332, 0.03558446666666666, 0.04867760000000001, 0.04141973333333333, 0.03748520000000001, 0.029210399999999997, 0.027489299999999998, 0.04452863333333334, 0.05796436666666665, 0.03213596666666667, 0.024697133333333336, 0.018556899999999998, 0.031917233333333336, 0.02766706666666666, 0.03662516666666667, 0.03714893333333333, 0.04869423333333334, 0.028887600000000006, 0.023990266666666666, 0.02659386666666667, 0.034688500000000004, 0.02487566666666666, 0.03563256666666667, 0.03675066666666666, 0.03304933333333334, 0.03350979999999999, 0.031271766666666666, 0.03723066666666667], [0.025491966666666664, 0.03469493333333332, 0.029330066666666665, 0.036581499999999996, 0.030264233333333338, 0.031853199999999984, 0.035374199999999995, 0.048031866666666666, 0.0484536, 0.05647056666666665, 0.05995776666666669, 0.05580759999999999, 0.02534303333333334, 0.020223233333333333, 0.052878399999999985, 0.057314566666666664, 0.07050166666666666, 0.29461110000000007, 0.0, 0.049736766666666675, 0.044422866666666665, 0.048319999999999995, 0.04524046666666669, 0.040931533333333325, 0.027945666666666667, 0.030142733333333338, 0.0314397, 0.03511293333333332, 0.04023463333333333, 0.028711800000000003, 0.0258221, 0.025906800000000004, 0.03922663333333334, 0.04227933333333333, 0.024770766666666662, 0.020167500000000005, 0.03301316666666666, 0.042619800000000006, 0.032235366666666654, 0.04469243333333332, 0.028481166666666665, 0.032470200000000005, 0.03252926666666667, 0.02296736666666667, 0.041111499999999995, 0.03978933333333335, 0.045954133333333334, 0.050969233333333336, 0.04241009999999999, 0.044483966666666666], [0.027636166666666667, 0.024370100000000006, 0.04561026666666667, 0.03860409999999999, 0.018154033333333333, 0.023216133333333337, 0.0358828, 0.04715829999999999, 0.041095166666666676, 0.04231010000000001, 0.046389, 0.0363777, 0.03991989999999999, 0.04453746666666667, 0.027031966666666667, 0.03100846666666668, 0.030101299999999998, 0.03576723333333333, 0.049736766666666675, 0.0, 0.8061488333333332, 0.2926490333333333, 0.04251016666666667, 0.03872883333333335, 0.05149179999999999, 0.058448699999999985, 0.034226833333333324, 0.0484997, 0.03280179999999999, 0.026334933333333334, 0.027305999999999997, 0.04882966666666666, 0.023901900000000004, 0.03264799999999999, 0.051820766666666664, 0.04596560000000001, 0.037861433333333326, 0.046239533333333326, 0.046195333333333324, 0.04594746666666666, 0.041032566666666666, 0.04234633333333333, 0.038044166666666664, 0.028397800000000008, 0.040113833333333335, 0.026721966666666666, 0.0208153, 0.03663343333333334, 0.04334333333333334, 0.03405203333333334], [0.03743090000000001, 0.03153146666666666, 0.05195343333333333, 0.04077013333333333, 0.016035599999999997, 0.022502266666666663, 0.033123266666666665, 0.04611153333333333, 0.04413696666666667, 0.05046046666666667, 0.05510293333333334, 0.04376886666666666, 0.033678366666666675, 0.0440941, 0.0231743, 0.02323386666666667, 0.024980233333333334, 0.03218116666666667, 0.044422866666666665, 0.8061488333333332, 0.0, 0.37611583333333326, 0.03883403333333332, 0.04022920000000001, 0.05061993333333333, 0.055622766666666656, 0.0380783, 0.053924900000000005, 0.04825823333333333, 0.022857766666666668, 0.030879599999999997, 0.03634779999999999, 0.0304442, 0.03969673333333333, 0.04432456666666666, 0.04716946666666668, 0.04166133333333332, 0.044863999999999994, 0.033932000000000004, 0.0440215, 0.04228973333333333, 0.039916966666666664, 0.034019966666666665, 0.029739533333333328, 0.0398239, 0.03574710000000001, 0.023324666666666667, 0.036632599999999994, 0.041068766666666666, 0.031361766666666666], [0.0277409, 0.03034809999999999, 0.06384939999999999, 0.03253233333333334, 0.02164733333333333, 0.026837566666666667, 0.0358601, 0.05134953333333333, 0.050135033333333336, 0.03284243333333333, 0.041322199999999996, 0.04165809999999998, 0.07240516666666666, 0.055662033333333326, 0.0381129, 0.034214433333333336, 0.0322174, 0.0364874, 0.048319999999999995, 0.2926490333333333, 0.37611583333333326, 0.0, 0.06939736666666667, 0.08814880000000001, 0.0381169, 0.039506200000000005, 0.03786943333333333, 0.05611219999999999, 0.05951286666666667, 0.03281696666666667, 0.03002413333333333, 0.03066003333333333, 0.03392333333333333, 0.039103833333333324, 0.038640299999999995, 0.041778733333333325, 0.039366000000000005, 0.049762966666666665, 0.022340933333333333, 0.05099256666666666, 0.0519923, 0.0322581, 0.0384564, 0.022365299999999998, 0.03283956666666665, 0.03236100000000001, 0.025379, 0.03496663333333333, 0.027341133333333337, 0.04512176666666667], [0.025627533333333334, 0.022694966666666663, 0.025979400000000003, 0.022723566666666667, 0.02825203333333333, 0.024564133333333342, 0.03356923333333334, 0.03157406666666666, 0.041260433333333346, 0.050439800000000014, 0.03810369999999999, 0.05288843333333333, 0.05262476666666666, 0.06820886666666666, 0.0389944, 0.037157666666666665, 0.045739733333333324, 0.04607123333333332, 0.04524046666666669, 0.04251016666666667, 0.03883403333333332, 0.06939736666666667, 0.0, 0.24329439999999997, 0.021212299999999996, 0.02383186666666667, 0.030915233333333333, 0.03865113333333332, 0.03318673333333333, 0.05913460000000001, 0.04313836666666667, 0.0553412, 0.03249243333333333, 0.03201706666666666, 0.0360744, 0.0257943, 0.04216946666666667, 0.026535899999999998, 0.05429426666666666, 0.03595923333333332, 0.03312023333333334, 0.020339666666666673, 0.03060623333333333, 0.03595580000000001, 0.03100126666666667, 0.024171233333333337, 0.06001996666666668, 0.040347266666666666, 0.034355866666666665, 0.040978400000000005], [0.03517293333333333, 0.0416717, 0.03661886666666667, 0.035547333333333334, 0.02745536666666667, 0.025652700000000004, 0.03936119999999999, 0.0464485, 0.07483246666666667, 0.02845493333333333, 0.028972599999999994, 0.03827876666666668, 0.0539291, 0.05158056666666666, 0.03220309999999999, 0.0350848, 0.04179180000000001, 0.03558446666666666, 0.040931533333333325, 0.03872883333333335, 0.04022920000000001, 0.08814880000000001, 0.24329439999999997, 0.0, 0.037420133333333334, 0.04081166666666667, 0.04325329999999999, 0.03022626666666666, 0.03727093333333333, 0.03443753333333333, 0.03746116666666666, 0.05269296666666665, 0.049256699999999994, 0.06335913333333335, 0.03336426666666667, 0.033944033333333325, 0.050691, 0.04088336666666667, 0.05221723333333333, 0.03943660000000001, 0.038669966666666666, 0.020240833333333333, 0.029068033333333333, 0.026879366666666668, 0.052413933333333336, 0.03990040000000001, 0.05724493333333333, 0.03625693333333334, 0.040024833333333336, 0.03047553333333333], [0.0513293, 0.03372096666666666, 0.03627723333333334, 0.0236132, 0.024883633333333332, 0.033649899999999996, 0.03615666666666666, 0.04202276666666666, 0.052570133333333324, 0.0420637, 0.036965733333333334, 0.04554669999999999, 0.05377253333333333, 0.030563833333333335, 0.03433366666666666, 0.03596013333333334, 0.03919483333333334, 0.04867760000000001, 0.027945666666666667, 0.05149179999999999, 0.05061993333333333, 0.0381169, 0.021212299999999996, 0.037420133333333334, 0.0, 0.9626046666666671, 0.28081069999999997, 0.0484922, 0.04216636666666668, 0.055026766666666664, 0.06401803333333332, 0.03116956666666667, 0.04313653333333336, 0.036971199999999996, 0.02723436666666667, 0.03265503333333333, 0.040814133333333336, 0.03467223333333334, 0.03813193333333333, 0.048740133333333324, 0.044604399999999995, 0.047692066666666665, 0.033904166666666666, 0.04805896666666666, 0.0251109, 0.028759233333333335, 0.046948766666666676, 0.027475266666666668, 0.04406186666666667, 0.0287717], [0.04610903333333334, 0.0352554, 0.04068276666666667, 0.02349873333333333, 0.026317, 0.03700646666666667, 0.03648526666666667, 0.04897830000000001, 0.05631373333333335, 0.047773600000000006, 0.04773533333333334, 0.05833323333333333, 0.04576873333333333, 0.03277496666666667, 0.030779800000000003, 0.02832986666666667, 0.03269956666666666, 0.04141973333333333, 0.030142733333333338, 0.058448699999999985, 0.055622766666666656, 0.039506200000000005, 0.02383186666666667, 0.04081166666666667, 0.9626046666666671, 0.0, 0.3293347999999999, 0.06001643333333333, 0.038973, 0.07646526666666667, 0.08094840000000002, 0.033456733333333336, 0.045634799999999996, 0.039653400000000005, 0.02824836666666667, 0.0298583, 0.0351887, 0.034296400000000005, 0.03508346666666667, 0.04496616666666667, 0.044523066666666666, 0.04042266666666666, 0.0324716, 0.04758036666666666, 0.024980099999999998, 0.025242933333333335, 0.030691533333333333, 0.03560020000000001, 0.05380483333333336, 0.04195993333333333], [0.03691136666666666, 0.032532066666666665, 0.03499223333333333, 0.017362166666666668, 0.030036833333333336, 0.0345155, 0.0504419, 0.04878163333333333, 0.06894396666666665, 0.03590973333333334, 0.0435477, 0.05789223333333332, 0.030738433333333325, 0.03838469999999999, 0.034275966666666664, 0.033612733333333325, 0.040008933333333344, 0.03748520000000001, 0.0314397, 0.034226833333333324, 0.0380783, 0.03786943333333333, 0.030915233333333333, 0.04325329999999999, 0.28081069999999997, 0.3293347999999999, 0.0, 0.06160536666666667, 0.061097700000000005, 0.06077959999999999, 0.05388183333333333, 0.026071, 0.04679676666666667, 0.022866900000000003, 0.029276500000000004, 0.03151446666666668, 0.03309639999999999, 0.02982210000000001, 0.04080960000000001, 0.04980466666666667, 0.05095189999999999, 0.0370869, 0.04274473333333334, 0.06365333333333334, 0.046512233333333326, 0.04858516666666666, 0.025216899999999997, 0.0440076, 0.0317212, 0.03395563333333333], [0.033748299999999995, 0.04112226666666667, 0.020687833333333332, 0.02653793333333333, 0.035918133333333324, 0.03834236666666667, 0.030767400000000004, 0.035074366666666676, 0.051928333333333326, 0.0319575, 0.026483966666666664, 0.03837206666666667, 0.033461866666666666, 0.03388056666666666, 0.03133579999999999, 0.030282433333333327, 0.03316583333333334, 0.029210399999999997, 0.03511293333333332, 0.0484997, 0.053924900000000005, 0.05611219999999999, 0.03865113333333332, 0.03022626666666666, 0.0484922, 0.06001643333333333, 0.06160536666666667, 0.0, 0.23541423333333333, 0.052614966666666645, 0.04741363333333333, 0.04902726666666668, 0.03587540000000001, 0.04769443333333333, 0.03831363333333333, 0.04037976666666667, 0.040596299999999995, 0.06722813333333333, 0.05586173333333334, 0.0504162, 0.05000376666666668, 0.04912433333333334, 0.0285074, 0.028258766666666664, 0.03267489999999999, 0.032955233333333334, 0.023911500000000006, 0.041530666666666674, 0.025739433333333332, 0.034147366666666665], [0.06124916666666666, 0.05076483333333333, 0.0328791, 0.03186303333333334, 0.02500336666666666, 0.035712999999999995, 0.03638293333333333, 0.036263300000000005, 0.0626404, 0.03006076666666667, 0.03007356666666666, 0.044427633333333334, 0.03790706666666666, 0.0422854, 0.03629170000000001, 0.03235916666666667, 0.03374196666666667, 0.027489299999999998, 0.04023463333333333, 0.03280179999999999, 0.04825823333333333, 0.05951286666666667, 0.03318673333333333, 0.03727093333333333, 0.04216636666666668, 0.038973, 0.061097700000000005, 0.23541423333333333, 0.0, 0.061434499999999996, 0.06247460000000002, 0.045771299999999994, 0.052874966666666676, 0.048351466666666676, 0.03988856666666666, 0.04238796666666666, 0.0474099, 0.027754200000000003, 0.04063766666666667, 0.03734000000000001, 0.04660656666666667, 0.02775396666666667, 0.032572166666666666, 0.024072333333333334, 0.05312923333333333, 0.04623829999999999, 0.025883200000000002, 0.0369486, 0.023467766666666667, 0.03435463333333333], [0.0278299, 0.03662936666666667, 0.031208233333333342, 0.022606599999999998, 0.048491033333333336, 0.039396900000000006, 0.04278276666666666, 0.025710166666666673, 0.047219166666666666, 0.0429232, 0.04405863333333332, 0.03566476666666666, 0.046113833333333326, 0.033798533333333346, 0.02820609999999999, 0.0294447, 0.03962416666666667, 0.04452863333333334, 0.028711800000000003, 0.026334933333333334, 0.022857766666666668, 0.03281696666666667, 0.05913460000000001, 0.03443753333333333, 0.055026766666666664, 0.07646526666666667, 0.06077959999999999, 0.052614966666666645, 0.061434499999999996, 0.0, 0.9508724000000002, 0.31126560000000003, 0.05593966666666668, 0.0416845, 0.03641296666666667, 0.041080099999999994, 0.03864066666666666, 0.04069016666666668, 0.03134766666666666, 0.037363933333333335, 0.03252083333333334, 0.0292542, 0.026558533333333325, 0.04486763333333334, 0.03349113333333333, 0.029578033333333333, 0.02205416666666667, 0.025235, 0.02336303333333333, 0.052119599999999995], [0.0284891, 0.029528533333333332, 0.027226366666666668, 0.024774266666666673, 0.0481834, 0.0331588, 0.03796089999999999, 0.0317274, 0.040495100000000006, 0.04697306666666666, 0.0585562, 0.041194133333333334, 0.03515093333333332, 0.019326433333333334, 0.036127133333333346, 0.03392236666666667, 0.03979673333333333, 0.05796436666666665, 0.0258221, 0.027305999999999997, 0.030879599999999997, 0.03002413333333333, 0.04313836666666667, 0.03746116666666666, 0.06401803333333332, 0.08094840000000002, 0.05388183333333333, 0.04741363333333333, 0.06247460000000002, 0.9508724000000002, 0.0, 0.3761192000000001, 0.0644366, 0.05182073333333333, 0.04760943333333333, 0.051640766666666664, 0.044370166666666676, 0.03303383333333333, 0.036301, 0.035768999999999995, 0.027056433333333345, 0.028730766666666664, 0.021536700000000002, 0.04541266666666668, 0.02559666666666667, 0.03346493333333333, 0.026405233333333333, 0.021833699999999998, 0.029714966666666665, 0.05170700000000001], [0.0371676, 0.03355533333333333, 0.025142233333333337, 0.03714896666666666, 0.035581433333333336, 0.025984666666666666, 0.03488036666666666, 0.031812266666666665, 0.0409863, 0.042199966666666665, 0.033707, 0.026256199999999997, 0.03203983333333333, 0.03461056666666667, 0.0253615, 0.0281723, 0.03204096666666667, 0.03213596666666667, 0.025906800000000004, 0.04882966666666666, 0.03634779999999999, 0.03066003333333333, 0.0553412, 0.05269296666666665, 0.03116956666666667, 0.033456733333333336, 0.026071, 0.04902726666666668, 0.045771299999999994, 0.31126560000000003, 0.3761192000000001, 0.0, 0.05865350000000001, 0.08183220000000001, 0.0575043, 0.05703676666666667, 0.04118553333333333, 0.027071566666666668, 0.027328266666666667, 0.03545983333333334, 0.030928399999999995, 0.02542830000000001, 0.0346086, 0.0317654, 0.028842533333333333, 0.026411999999999998, 0.03612546666666666, 0.033921233333333335, 0.032860433333333335, 0.03516760000000001], [0.044223900000000003, 0.04409409999999999, 0.042407033333333344, 0.03649083333333333, 0.05870200000000001, 0.05714946666666667, 0.028984733333333335, 0.028118866666666666, 0.04543153333333334, 0.038579866666666664, 0.0399705, 0.06012213333333333, 0.06041383333333331, 0.048859900000000005, 0.04026540000000001, 0.05072666666666667, 0.06170713333333334, 0.024697133333333336, 0.03922663333333334, 0.023901900000000004, 0.0304442, 0.03392333333333333, 0.03249243333333333, 0.049256699999999994, 0.04313653333333336, 0.045634799999999996, 0.04679676666666667, 0.03587540000000001, 0.052874966666666676, 0.05593966666666668, 0.0644366, 0.05865350000000001, 0.0, 0.2521429, 0.063344, 0.06829323333333334, 0.0613913, 0.029914833333333335, 0.032833433333333335, 0.0160543, 0.019306899999999995, 0.024762200000000005, 0.030121333333333323, 0.04241173333333334, 0.02696516666666666, 0.029117666666666674, 0.056091899999999986, 0.03175043333333333, 0.039554933333333334, 0.05161483333333334], [0.0507054, 0.06026070000000001, 0.046272233333333336, 0.03942546666666667, 0.05799006666666666, 0.04939680000000001, 0.02936946666666667, 0.04297530000000001, 0.029887599999999997, 0.037523999999999995, 0.03580516666666667, 0.048070266666666674, 0.044861933333333326, 0.05941656666666667, 0.0349155, 0.03273993333333333, 0.04903753333333333, 0.018556899999999998, 0.04227933333333333, 0.03264799999999999, 0.03969673333333333, 0.039103833333333324, 0.03201706666666666, 0.06335913333333335, 0.036971199999999996, 0.039653400000000005, 0.022866900000000003, 0.04769443333333333, 0.048351466666666676, 0.0416845, 0.05182073333333333, 0.08183220000000001, 0.2521429, 0.0, 0.047134266666666674, 0.052662099999999996, 0.0630362, 0.032542933333333336, 0.027028033333333337, 0.025203166666666665, 0.018102633333333337, 0.025325933333333325, 0.027077000000000004, 0.030192566666666674, 0.04246043333333334, 0.04115593333333334, 0.06023786666666667, 0.03317660000000001, 0.03746853333333333, 0.029246133333333337], [0.028790233333333325, 0.027007399999999994, 0.022862666666666667, 0.036356733333333335, 0.033715666666666665, 0.025664700000000002, 0.02639833333333333, 0.03673963333333333, 0.02889823333333333, 0.03754763333333333, 0.026279399999999994, 0.04269703333333335, 0.048588033333333336, 0.048299533333333346, 0.04889323333333334, 0.047879400000000016, 0.04804106666666666, 0.031917233333333336, 0.024770766666666662, 0.051820766666666664, 0.04432456666666666, 0.038640299999999995, 0.0360744, 0.03336426666666667, 0.02723436666666667, 0.02824836666666667, 0.029276500000000004, 0.03831363333333333, 0.03988856666666666, 0.03641296666666667, 0.04760943333333333, 0.0575043, 0.063344, 0.047134266666666674, 0.0, 1.148544166666667, 0.37600870000000003, 0.05500086666666667, 0.044020766666666655, 0.039246300000000005, 0.038433800000000004, 0.04767809999999998, 0.04013873333333334, 0.03311876666666667, 0.03318613333333333, 0.026510899999999993, 0.02987373333333333, 0.03186996666666667, 0.03168666666666667, 0.0330158], [0.02696476666666667, 0.025222933333333333, 0.02330036666666667, 0.04419073333333332, 0.035457466666666666, 0.030913099999999995, 0.03481696666666668, 0.03285476666666668, 0.04185753333333333, 0.03837493333333333, 0.0248256, 0.03707286666666666, 0.05453443333333334, 0.058983799999999996, 0.05778433333333334, 0.05266259999999998, 0.05576156666666666, 0.02766706666666666, 0.020167500000000005, 0.04596560000000001, 0.04716946666666668, 0.041778733333333325, 0.0257943, 0.033944033333333325, 0.03265503333333333, 0.0298583, 0.03151446666666668, 0.04037976666666667, 0.04238796666666666, 0.041080099999999994, 0.051640766666666664, 0.05703676666666667, 0.06829323333333334, 0.052662099999999996, 1.148544166666667, 0.0, 0.4464541666666666, 0.05480590000000001, 0.04448346666666666, 0.053539466666666646, 0.050696433333333325, 0.0632615, 0.05335403333333333, 0.04482683333333335, 0.033006400000000005, 0.03165673333333333, 0.025884300000000002, 0.03831843333333333, 0.0325248, 0.028709966666666663], [0.032886033333333335, 0.02839483333333333, 0.0384457, 0.0434509, 0.03846736666666666, 0.03254056666666667, 0.04673483333333333, 0.027651533333333336, 0.03755633333333333, 0.03648893333333334, 0.0251972, 0.046370333333333326, 0.049180466666666686, 0.04457403333333334, 0.0593522, 0.06010420000000001, 0.05615016666666666, 0.03662516666666667, 0.03301316666666666, 0.037861433333333326, 0.04166133333333332, 0.039366000000000005, 0.04216946666666667, 0.050691, 0.040814133333333336, 0.0351887, 0.03309639999999999, 0.040596299999999995, 0.0474099, 0.03864066666666666, 0.044370166666666676, 0.04118553333333333, 0.0613913, 0.0630362, 0.37600870000000003, 0.4464541666666666, 0.0, 0.036113566666666666, 0.08482513333333333, 0.03693593333333333, 0.04093840000000001, 0.04865026666666665, 0.049266466666666675, 0.04433279999999999, 0.04580133333333334, 0.049253766666666664, 0.02990356666666667, 0.04653896666666667, 0.0298022, 0.04110043333333333], [0.053508299999999995, 0.05812993333333332, 0.034223800000000006, 0.04158923333333333, 0.0314554, 0.04056386666666667, 0.026046533333333333, 0.0391167, 0.02897283333333333, 0.028788799999999996, 0.03401159999999999, 0.027461500000000003, 0.03597486666666667, 0.04071303333333333, 0.028432000000000002, 0.029099266666666665, 0.0321934, 0.03714893333333333, 0.042619800000000006, 0.046239533333333326, 0.044863999999999994, 0.049762966666666665, 0.026535899999999998, 0.04088336666666667, 0.03467223333333334, 0.034296400000000005, 0.02982210000000001, 0.06722813333333333, 0.027754200000000003, 0.04069016666666668, 0.03303383333333333, 0.027071566666666668, 0.029914833333333335, 0.032542933333333336, 0.05500086666666667, 0.05480590000000001, 0.036113566666666666, 0.0, 0.23136463333333335, 0.040037466666666674, 0.03986723333333333, 0.03707703333333333, 0.027384500000000003, 0.020897133333333328, 0.04934343333333334, 0.0504055, 0.05813723333333334, 0.05138796666666666, 0.04463446666666668, 0.041467800000000006], [0.0276983, 0.0201697, 0.04966870000000001, 0.05229343333333334, 0.029992299999999993, 0.034294233333333334, 0.0427003, 0.02072403333333334, 0.03952520000000001, 0.023150066666666667, 0.030391500000000002, 0.028031933333333328, 0.0414946, 0.0309993, 0.0248525, 0.024348333333333336, 0.0373679, 0.04869423333333334, 0.032235366666666654, 0.046195333333333324, 0.033932000000000004, 0.022340933333333333, 0.05429426666666666, 0.05221723333333333, 0.03813193333333333, 0.03508346666666667, 0.04080960000000001, 0.05586173333333334, 0.04063766666666667, 0.03134766666666666, 0.036301, 0.027328266666666667, 0.032833433333333335, 0.027028033333333337, 0.044020766666666655, 0.04448346666666666, 0.08482513333333333, 0.23136463333333335, 0.0, 0.03981383333333333, 0.03382986666666666, 0.04494573333333333, 0.026393499999999997, 0.030480466666666664, 0.035305899999999994, 0.04162019999999999, 0.0342298, 0.04683356666666668, 0.041305066666666654, 0.027873566666666665], [0.036425233333333334, 0.02912706666666666, 0.04276809999999998, 0.026249000000000005, 0.032011899999999996, 0.0317891, 0.028568833333333345, 0.021883133333333332, 0.04347976666666666, 0.018680899999999997, 0.022256233333333333, 0.022937666666666676, 0.04469316666666667, 0.04283356666666666, 0.04613046666666667, 0.03729623333333335, 0.026945666666666666, 0.028887600000000006, 0.04469243333333332, 0.04594746666666666, 0.0440215, 0.05099256666666666, 0.03595923333333332, 0.03943660000000001, 0.048740133333333324, 0.04496616666666667, 0.04980466666666667, 0.0504162, 0.03734000000000001, 0.037363933333333335, 0.035768999999999995, 0.03545983333333334, 0.0160543, 0.025203166666666665, 0.039246300000000005, 0.053539466666666646, 0.03693593333333333, 0.040037466666666674, 0.03981383333333333, 0.0, 0.9490660666666667, 0.3257443666666667, 0.06236076666666665, 0.044637366666666664, 0.03171036666666666, 0.030755999999999995, 0.027205933333333335, 0.029658633333333326, 0.0350338, 0.048736833333333326], [0.03658346666666667, 0.02943776666666666, 0.03591606666666666, 0.019967866666666667, 0.032552366666666666, 0.029695299999999997, 0.026532166666666666, 0.016189866666666664, 0.04792033333333333, 0.019921966666666662, 0.018304666666666667, 0.013391533333333335, 0.04354336666666666, 0.03884906666666667, 0.04026593333333332, 0.03580776666666668, 0.030588366666666672, 0.023990266666666666, 0.028481166666666665, 0.041032566666666666, 0.04228973333333333, 0.0519923, 0.03312023333333334, 0.038669966666666666, 0.044604399999999995, 0.044523066666666666, 0.05095189999999999, 0.05000376666666