[[0.0, 0.5188439666666668, 0.047552266666666676, 0.03894563333333333, 0.12965396666666668, 0.03344816666666667, 0.02280053333333333, 0.04042963333333333, 0.056610333333333346, 0.030121333333333337, 0.031147666666666664, 0.031624066666666666, 0.035729966666666675, 0.04112233333333332, 0.027847266666666662, 0.03946859999999999, 0.04609253333333334, 0.04202086666666667, 0.0508895, 0.03145603333333333, 0.0358725, 0.03931156666666667, 0.04956519999999999, 0.05001809999999999, 0.06112383333333334, 0.03341796666666667, 0.041486999999999996, 0.036143100000000004, 0.02985453333333334, 0.038677433333333344, 0.04435729999999999, 0.030829066666666675, 0.0357046, 0.0476228, 0.05432623333333333, 0.05060933333333334, 0.04334046666666666, 0.043404866666666674, 0.047341100000000004, 0.028030600000000003, 0.0369966, 0.03815343333333334, 0.05055363333333335, 0.037893666666666666, 0.02645266666666667, 0.02523456666666667, 0.03669613333333333, 0.0395521, 0.038571799999999996, 0.03426986666666667], [0.5188439666666668, 0.0, 0.039102866666666666, 0.046592499999999995, 0.08882626666666667, 0.0302724, 0.026997699999999996, 0.04587280000000001, 0.054782599999999994, 0.03628996666666668, 0.04396313333333333, 0.04174573333333333, 0.032093833333333335, 0.029511266666666664, 0.029762166666666673, 0.030387799999999996, 0.036562199999999996, 0.04639723333333333, 0.031010166666666665, 0.04787536666666666, 0.046437966666666664, 0.03645763333333333, 0.05808486666666667, 0.048430399999999985, 0.04097973333333334, 0.045379300000000004, 0.04984196666666667, 0.04404403333333332, 0.03012043333333333, 0.0382664, 0.05807433333333333, 0.04887346666666667, 0.05760953333333334, 0.04236656666666667, 0.049833666666666665, 0.0409962, 0.04051886666666667, 0.04231946666666667, 0.04528010000000001, 0.024957433333333334, 0.04758273333333333, 0.03330493333333332, 0.045264666666666675, 0.04874330000000001, 0.028253566666666664, 0.038050600000000004, 0.04307293333333332, 0.03490690000000001, 0.033602066666666666, 0.0223193], [0.047552266666666676, 0.039102866666666666, 0.0, 0.1900655, 0.08135250000000001, 0.04931293333333333, 0.029566533333333336, 0.039188933333333335, 0.04450503333333333, 0.044179733333333325, 0.05392959999999999, 0.05094919999999999, 0.029931399999999993, 0.04404426666666667, 0.026754933333333335, 0.04905800000000001, 0.05869620000000001, 0.027872300000000003, 0.039025133333333344, 0.03569456666666667, 0.03266833333333333, 0.033420166666666674, 0.0371378, 0.05534103333333333, 0.020350466666666664, 0.0429133, 0.02764213333333334, 0.031789166666666674, 0.04720043333333334, 0.056944266666666674, 0.027333566666666666, 0.047017066666666656, 0.047999666666666656, 0.0398433, 0.03548553333333334, 0.02919073333333334, 0.02889553333333333, 0.04299810000000002, 0.0238559, 0.03338536666666666, 0.05668850000000002, 0.0324544, 0.06620066666666669, 0.04620793333333333, 0.030851166666666673, 0.06239943333333334, 0.05183909999999999, 0.04263810000000001, 0.04018163333333333, 0.057956733333333336], [0.03894563333333333, 0.046592499999999995, 0.1900655, 0.0, 0.15546286666666667, 0.046342833333333326, 0.03238446666666667, 0.023352400000000002, 0.022052833333333334, 0.0449463, 0.031895700000000006, 0.04584736666666667, 0.059709433333333325, 0.049254, 0.04184073333333334, 0.028997266666666674, 0.031931233333333336, 0.03525660000000001, 0.0260979, 0.033032566666666666, 0.021862233333333342, 0.0305447, 0.02819683333333333, 0.03880393333333333, 0.03130536666666667, 0.03172573333333333, 0.028129266666666666, 0.021224133333333332, 0.02906476666666667, 0.036822266666666666, 0.0282802, 0.0298341, 0.029556766666666668, 0.04882980000000001, 0.054027866666666674, 0.02895676666666666, 0.033392333333333336, 0.037168266666666665, 0.03565576666666666, 0.04091553333333332, 0.02754243333333333, 0.034015333333333335, 0.04216946666666667, 0.038353233333333334, 0.03209673333333333, 0.028736566666666664, 0.028858166666666667, 0.04334533333333332, 0.05355493333333334, 0.03882173333333333], [0.12965396666666668, 0.08882626666666667, 0.08135250000000001, 0.15546286666666667, 0.0, 0.021666100000000004, 0.04084666666666667, 0.0324937, 0.0372245, 0.03260553333333334, 0.04395209999999999, 0.0484764, 0.033044166666666666, 0.06492523333333335, 0.040789766666666664, 0.044569666666666674, 0.04004066666666668, 0.03794349999999999, 0.03671973333333333, 0.048612999999999996, 0.049473199999999995, 0.04734699999999999, 0.0349154, 0.06327633333333334, 0.04689586666666667, 0.03422973333333333, 0.036752, 0.020495166666666665, 0.0420622, 0.03737463333333333, 0.048883400000000014, 0.04252319999999999, 0.032251800000000004, 0.03777959999999999, 0.030210500000000005, 0.03225769999999999, 0.03121643333333334, 0.04967260000000001, 0.026438899999999998, 0.05752196666666666, 0.028061000000000003, 0.03255136666666667, 0.053917733333333336, 0.0343065, 0.04901253333333334, 0.027449100000000004, 0.02882763333333333, 0.03227353333333334, 0.03667853333333333, 0.0293053], [0.03344816666666667, 0.0302724, 0.04931293333333333, 0.046342833333333326, 0.021666100000000004, 0.0, 0.7167402333333334, 0.06156210000000001, 0.053493633333333325, 0.10424976666666667, 0.03121583333333334, 0.026905066666666665, 0.06204133333333334, 0.03637453333333334, 0.03820303333333334, 0.03302653333333334, 0.03437196666666666, 0.032764933333333336, 0.041506733333333344, 0.0263043, 0.02186023333333333, 0.01808073333333333, 0.042461066666666665, 0.028419000000000007, 0.031051333333333327, 0.0550596, 0.035481533333333336, 0.03863793333333334, 0.019939966666666666, 0.04278959999999999, 0.0436043, 0.038788100000000006, 0.04273459999999999, 0.03354123333333334, 0.032104299999999995, 0.029089, 0.0338259, 0.022833600000000003, 0.036267933333333335, 0.035859800000000004, 0.034436100000000004, 0.032850366666666665, 0.034486966666666674, 0.028767266666666673, 0.03313433333333333, 0.03514110000000001, 0.025494866666666668, 0.022247533333333337, 0.020294700000000002, 0.030514833333333338], [0.02280053333333333, 0.026997699999999996, 0.029566533333333336, 0.03238446666666667, 0.04084666666666667, 0.7167402333333334, 0.0, 0.048242066666666666, 0.05367449999999999, 0.0686601, 0.027237666666666667, 0.025743766666666668, 0.047935599999999995, 0.02119346666666667, 0.03123426666666667, 0.038571600000000004, 0.03739869999999999, 0.04177593333333335, 0.036453400000000004, 0.024390266666666664, 0.025346066666666667, 0.029657799999999998, 0.027882500000000005, 0.03166756666666666, 0.041988300000000006, 0.04431636666666667, 0.036127700000000006, 0.05199196666666666, 0.02441633333333334, 0.04409673333333333, 0.036767599999999984, 0.020409933333333335, 0.0323826, 0.027717333333333333, 0.03585173333333333, 0.03039506666666666, 0.045262300000000005, 0.035709966666666676, 0.02499816666666666, 0.052749933333333346, 0.035844666666666664, 0.03195113333333334, 0.036941633333333335, 0.030023199999999996, 0.04434736666666666, 0.02964516666666667, 0.031679, 0.029344933333333333, 0.021372133333333335, 0.024485733333333336], [0.04042963333333333, 0.04587280000000001, 0.039188933333333335, 0.023352400000000002, 0.0324937, 0.06156210000000001, 0.048242066666666666, 0.0, 0.17392956666666665, 0.11607866666666668, 0.04374063333333334, 0.037544600000000004, 0.040918466666666674, 0.027405833333333334, 0.03163096666666666, 0.018251566666666667, 0.027693699999999998, 0.028104200000000006, 0.04932676666666667, 0.0310636, 0.023731666666666672, 0.0290222, 0.05877756666666666, 0.04397463333333334, 0.0340024, 0.04355856666666666, 0.038616300000000006, 0.028188400000000002, 0.0510212, 0.055003266666666675, 0.060061533333333327, 0.029712133333333335, 0.04706683333333334, 0.05438746666666667, 0.035686166666666685, 0.034968766666666665, 0.034875199999999995, 0.03790766666666667, 0.0334968, 0.04125796666666667, 0.027750566666666664, 0.03618306666666666, 0.03988443333333334, 0.040936266666666665, 0.023807633333333335, 0.03519186666666667, 0.05296083333333333, 0.029624733333333333, 0.02928203333333333, 0.0318096], [0.056610333333333346, 0.054782599999999994, 0.04450503333333333, 0.022052833333333334, 0.0372245, 0.053493633333333325, 0.05367449999999999, 0.17392956666666665, 0.0, 0.11851556666666667, 0.035884066666666666, 0.029889300000000004, 0.032677566666666664, 0.03100443333333333, 0.024450166666666665, 0.027002166666666667, 0.0334491, 0.037997933333333324, 0.03194643333333333, 0.0374846, 0.037942133333333336, 0.039217633333333335, 0.035512833333333334, 0.0316441, 0.03605576666666667, 0.04311656666666666, 0.0361364, 0.04059646666666666, 0.0432596, 0.026452166666666662, 0.02444423333333333, 0.025125099999999997, 0.0621893, 0.047494066666666675, 0.044270199999999996, 0.044512933333333324, 0.04257476666666667, 0.050955166666666676, 0.031133666666666664, 0.055973466666666666, 0.0511866, 0.02788126666666667, 0.04789093333333333, 0.034302, 0.03881826666666666, 0.04820246666666666, 0.03909223333333333, 0.04585076666666667, 0.0266851, 0.025651266666666672], [0.030121333333333337, 0.03628996666666668, 0.044179733333333325, 0.0449463, 0.03260553333333334, 0.10424976666666667, 0.0686601, 0.11607866666666668, 0.11851556666666667, 0.0, 0.03825200000000001, 0.025958133333333334, 0.038471666666666675, 0.025682733333333336, 0.025311633333333333, 0.033795433333333326, 0.037674033333333336, 0.03900843333333334, 0.07964556666666667, 0.0434996, 0.044294700000000006, 0.03592166666666667, 0.030369833333333332, 0.0393738, 0.03766363333333333, 0.04006713333333334, 0.037238966666666665, 0.038995, 0.0360697, 0.046675266666666666, 0.0589831, 0.045318133333333344, 0.05816216666666667, 0.04566259999999999, 0.03933283333333334, 0.051443866666666664, 0.04503196666666667, 0.0375197, 0.05437679999999999, 0.051153033333333334, 0.0368426, 0.03228776666666667, 0.033375766666666674, 0.03760976666666667, 0.039509, 0.03486520000000001, 0.026913766666666672, 0.04710956666666668, 0.033994533333333334, 0.029251600000000003], [0.031147666666666664, 0.04396313333333333, 0.05392959999999999, 0.031895700000000006, 0.04395209999999999, 0.03121583333333334, 0.027237666666666667, 0.04374063333333334, 0.035884066666666666, 0.03825200000000001, 0.0, 0.7169613000000001, 0.03929686666666666, 0.04531440000000001, 0.10806279999999999, 0.03575600000000001, 0.02970993333333333, 0.02870453333333333, 0.0397564, 0.0408133, 0.05129873333333333, 0.0551396, 0.03606373333333333, 0.025794833333333333, 0.047567399999999996, 0.04637103333333334, 0.041183766666666656, 0.04129100000000001, 0.04501703333333334, 0.02844703333333333, 0.05016633333333332, 0.05492430000000001, 0.03881359999999999, 0.031029466666666665, 0.03229223333333334, 0.06737196666666667, 0.0590406, 0.023505033333333338, 0.035531466666666664, 0.036238566666666666, 0.02388756666666667, 0.02562713333333333, 0.031191966666666664, 0.053656300000000004, 0.0395979, 0.047482233333333325, 0.04613306666666667, 0.0379772, 0.028714999999999997, 0.039461533333333326], [0.031624066666666666, 0.04174573333333333, 0.05094919999999999, 0.04584736666666667, 0.0484764, 0.026905066666666665, 0.025743766666666668, 0.037544600000000004, 0.029889300000000004, 0.025958133333333334, 0.7169613000000001, 0.0, 0.036228066666666656, 0.0279071, 0.07496633333333334, 0.034506800000000004, 0.024208366666666665, 0.024526166666666672, 0.04838919999999999, 0.03421963333333333, 0.05232386666666667, 0.0636708, 0.028241866666666664, 0.02620646666666667, 0.047698399999999995, 0.04730970000000001, 0.055566500000000005, 0.03386426666666667, 0.0433236, 0.03318786666666667, 0.04813446666666666, 0.05458446666666668, 0.047782466666666676, 0.025354799999999997, 0.03593046666666667, 0.04894016666666667, 0.05131946666666667, 0.028053100000000004, 0.039565866666666685, 0.037189933333333335, 0.0366897, 0.030851166666666662, 0.0420029, 0.05476303333333334, 0.045336233333333344, 0.03439996666666667, 0.036954433333333335, 0.039048200000000005, 0.030878133333333332, 0.03131803333333332], [0.035729966666666675, 0.032093833333333335, 0.029931399999999993, 0.059709433333333325, 0.033044166666666666, 0.06204133333333334, 0.047935599999999995, 0.040918466666666674, 0.032677566666666664, 0.038471666666666675, 0.03929686666666666, 0.036228066666666656, 0.0, 0.10967266666666667, 0.07750580000000001, 0.031778566666666674, 0.0310515, 0.048703100000000006, 0.05023896666666666, 0.03944510000000001, 0.05274386666666666, 0.05186980000000001, 0.03941446666666666, 0.04095713333333333, 0.04056843333333334, 0.03587919999999999, 0.04379446666666667, 0.03826746666666666, 0.044346899999999995, 0.036717400000000004, 0.02152316666666667, 0.02528846666666667, 0.04886116666666668, 0.04341983333333334, 0.026990833333333332, 0.04347486666666666, 0.04437806666666665, 0.03344056666666667, 0.03703069999999999, 0.033538366666666666, 0.03600186666666667, 0.027104233333333335, 0.027943033333333332, 0.035760600000000003, 0.043740133333333334, 0.04473393333333333, 0.027479033333333337, 0.04651939999999999, 0.031121333333333334, 0.033106300000000005], [0.04112233333333332, 0.029511266666666664, 0.04404426666666667, 0.049254, 0.06492523333333335, 0.03637453333333334, 0.02119346666666667, 0.027405833333333334, 0.03100443333333333, 0.025682733333333336, 0.04531440000000001, 0.0279071, 0.10967266666666667, 0.0, 0.16688489999999997, 0.028125699999999997, 0.025715966666666666, 0.033734966666666664, 0.037683966666666666, 0.03522200000000001, 0.042318166666666664, 0.0293611, 0.04229503333333334, 0.036917533333333336, 0.03514423333333332, 0.027578266666666667, 0.02874773333333333, 0.02554573333333333, 0.019187499999999996, 0.04053333333333333, 0.05413210000000001, 0.04201636666666666, 0.048431133333333334, 0.020183966666666667, 0.034973599999999994, 0.04212196666666667, 0.03282436666666667, 0.03925733333333334, 0.043835400000000004, 0.0272973, 0.05163853333333335, 0.056082033333333337, 0.03858616666666667, 0.03942963333333334, 0.044566033333333324, 0.0448219, 0.0299787, 0.022493800000000005, 0.03410236666666666, 0.031877666666666665], [0.027847266666666662, 0.029762166666666673, 0.026754933333333335, 0.04184073333333334, 0.040789766666666664, 0.03820303333333334, 0.03123426666666667, 0.03163096666666666, 0.024450166666666665, 0.025311633333333333, 0.10806279999999999, 0.07496633333333334, 0.07750580000000001, 0.16688489999999997, 0.0, 0.03272966666666667, 0.019325366666666663, 0.03854363333333333, 0.03855903333333334, 0.0455382, 0.02545796666666667, 0.03604400000000001, 0.03264656666666666, 0.03128006666666666, 0.037132, 0.016322666666666666, 0.02518343333333333, 0.0346611, 0.05121823333333332, 0.03301833333333333, 0.047765466666666666, 0.03779053333333334, 0.032479799999999996, 0.03006863333333333, 0.052066600000000005, 0.0377565, 0.039693000000000006, 0.036642966666666665, 0.026044433333333335, 0.029432399999999997, 0.0527083, 0.04157216666666669, 0.02757456666666667, 0.0265727, 0.04416753333333334, 0.03706163333333333, 0.03824946666666666, 0.03549723333333332, 0.03488243333333334, 0.03985813333333333], [0.03946859999999999, 0.030387799999999996, 0.04905800000000001, 0.028997266666666674, 0.044569666666666674, 0.03302653333333334, 0.038571600000000004, 0.018251566666666667, 0.027002166666666667, 0.033795433333333326, 0.03575600000000001, 0.034506800000000004, 0.031778566666666674, 0.028125699999999997, 0.03272966666666667, 0.0, 0.7540961666666665, 0.04112116666666666, 0.04960083333333335, 0.1376571666666667, 0.0454823, 0.03796510000000001, 0.040755133333333325, 0.04953196666666667, 0.043194166666666665, 0.03592026666666666, 0.03321263333333334, 0.05023416666666668, 0.04214620000000001, 0.043189933333333326, 0.02870376666666666, 0.040753366666666666, 0.03089330000000001, 0.020548833333333332, 0.03743226666666667, 0.01931146666666667, 0.0392694, 0.05503206666666667, 0.046499, 0.05175003333333333, 0.061936166666666674, 0.0745038, 0.039952133333333334, 0.05629666666666666, 0.04118673333333333, 0.037345366666666664, 0.020349933333333334, 0.030115400000000004, 0.032739033333333334, 0.030020966666666666], [0.04609253333333334, 0.036562199999999996, 0.05869620000000001, 0.031931233333333336, 0.04004066666666668, 0.03437196666666666, 0.03739869999999999, 0.027693699999999998, 0.0334491, 0.037674033333333336, 0.02970993333333333, 0.024208366666666665, 0.0310515, 0.025715966666666666, 0.019325366666666663, 0.7540961666666665, 0.0, 0.02520183333333334, 0.045797599999999994, 0.0959326, 0.03583866666666667, 0.02821633333333333, 0.04472453333333333, 0.0520682, 0.04449566666666666, 0.04299926666666667, 0.0315405, 0.03594713333333333, 0.04169846666666667, 0.0399869, 0.0383476, 0.04033393333333333, 0.05174703333333334, 0.033144566666666674, 0.04164153333333333, 0.03495206666666668, 0.03727833333333333, 0.0376739, 0.039566533333333334, 0.04474543333333332, 0.064036, 0.07790360000000003, 0.04448576666666666, 0.049549166666666665, 0.04775570000000001, 0.045618199999999984, 0.030699466666666664, 0.028421533333333332, 0.03763203333333333, 0.0287121], [0.04202086666666667, 0.04639723333333333, 0.027872300000000003, 0.03525660000000001, 0.03794349999999999, 0.032764933333333336, 0.04177593333333335, 0.028104200000000006, 0.037997933333333324, 0.03900843333333334, 0.02870453333333333, 0.024526166666666672, 0.048703100000000006, 0.033734966666666664, 0.03854363333333333, 0.04112116666666666, 0.02520183333333334, 0.0, 0.15391109999999997, 0.07899919999999999, 0.05493416666666668, 0.03839453333333333, 0.03739136666666667, 0.0238528, 0.042739933333333355, 0.034827800000000006, 0.03561313333333334, 0.041064, 0.03900109999999998, 0.026119266666666665, 0.021585466666666664, 0.022872233333333332, 0.036775166666666664, 0.03680563333333334, 0.037568500000000005, 0.04231819999999999, 0.04344006666666667, 0.03087383333333333, 0.03167373333333333, 0.04968286666666667, 0.04420259999999999, 0.03487526666666666, 0.0262151, 0.044210433333333334, 0.0426159, 0.046233633333333315, 0.03833446666666667, 0.04164873333333333, 0.044889099999999994, 0.052426733333333336], [0.0508895, 0.031010166666666665, 0.039025133333333344, 0.0260979, 0.03671973333333333, 0.041506733333333344, 0.036453400000000004, 0.04932676666666667, 0.03194643333333333, 0.07964556666666667, 0.0397564, 0.04838919999999999, 0.05023896666666666, 0.037683966666666666, 0.03855903333333334, 0.04960083333333335, 0.045797599999999994, 0.15391109999999997, 0.0, 0.13455063333333328, 0.05082293333333333, 0.035737333333333336, 0.0406585, 0.04196819999999999, 0.039513233333333335, 0.050415366666666676, 0.05786599999999999, 0.04709526666666667, 0.0307657, 0.037278766666666664, 0.03042656666666667, 0.02504856666666666, 0.0337818, 0.056573166666666674, 0.02468076666666667, 0.024724733333333335, 0.0271532, 0.041761200000000005, 0.03319923333333334, 0.03850753333333333, 0.03176613333333333, 0.03590546666666667, 0.040449633333333346, 0.02717843333333334, 0.0333965, 0.05561336666666667, 0.050346366666666656, 0.03374443333333333, 0.030289466666666667, 0.05004483333333333], [0.03145603333333333, 0.04787536666666666, 0.03569456666666667, 0.033032566666666666, 0.048612999999999996, 0.0263043, 0.024390266666666664, 0.0310636, 0.0374846, 0.0434996, 0.0408133, 0.03421963333333333, 0.03944510000000001, 0.03522200000000001, 0.0455382, 0.1376571666666667, 0.0959326, 0.07899919999999999, 0.13455063333333328, 0.0, 0.04981569999999999, 0.038747999999999984, 0.051235133333333335, 0.039586633333333336, 0.051622633333333334, 0.04180619999999999, 0.03721266666666668, 0.03280746666666667, 0.042207900000000007, 0.050010200000000005, 0.02038023333333333, 0.016800799999999998, 0.025464433333333328, 0.030354500000000003, 0.027326533333333323, 0.05356869999999999, 0.04103873333333332, 0.03874723333333334, 0.03350516666666666, 0.019800333333333333, 0.0290705, 0.029561966666666658, 0.034667833333333335, 0.043655466666666656, 0.0334326, 0.029242233333333336, 0.029983566666666663, 0.016240433333333335, 0.03763280000000001, 0.033113033333333326], [0.0358725, 0.046437966666666664, 0.03266833333333333, 0.021862233333333342, 0.049473199999999995, 0.02186023333333333, 0.025346066666666667, 0.023731666666666672, 0.037942133333333336, 0.044294700000000006, 0.05129873333333333, 0.05232386666666667, 0.05274386666666666, 0.042318166666666664, 0.02545796666666667, 0.0454823, 0.03583866666666667, 0.05493416666666668, 0.05082293333333333, 0.04981569999999999, 0.0, 0.7189662333333333, 0.0586612, 0.057109633333333326, 0.07206196666666667, 0.024734800000000008, 0.02717606666666667, 0.029904200000000006, 0.03817803333333333, 0.041848233333333325, 0.024998700000000002, 0.02454783333333333, 0.04296056666666666, 0.022028100000000002, 0.024965166666666663, 0.05199589999999999, 0.046414033333333334, 0.02992973333333334, 0.021141633333333337, 0.03067406666666667, 0.041812100000000005, 0.030294933333333333, 0.04907586666666667, 0.031934199999999996, 0.035817800000000004, 0.044993633333333324, 0.04464, 0.03252183333333333, 0.04196263333333333, 0.034981333333333336], [0.03931156666666667, 0.03645763333333333, 0.033420166666666674, 0.0305447, 0.04734699999999999, 0.01808073333333333, 0.029657799999999998, 0.0290222, 0.039217633333333335, 0.03592166666666667, 0.0551396, 0.0636708, 0.05186980000000001, 0.0293611, 0.03604400000000001, 0.03796510000000001, 0.02821633333333333, 0.03839453333333333, 0.035737333333333336, 0.038747999999999984, 0.7189662333333333, 0.0, 0.053821833333333347, 0.03470129999999999, 0.07645426666666667, 0.0345889, 0.029623100000000003, 0.0382143, 0.026718800000000004, 0.048789599999999995, 0.028289, 0.03204166666666667, 0.04358456666666665, 0.02794356666666667, 0.023933333333333324, 0.06078326666666667, 0.05617856666666667, 0.032098499999999995, 0.017474966666666668, 0.024259966666666664, 0.03889436666666666, 0.03435953333333333, 0.0364473, 0.03255763333333333, 0.03328543333333333, 0.0460806, 0.04495719999999999, 0.03246816666666667, 0.04440833333333334, 0.037032699999999995], [0.04956519999999999, 0.05808486666666667, 0.0371378, 0.02819683333333333, 0.0349154, 0.042461066666666665, 0.027882500000000005, 0.05877756666666666, 0.035512833333333334, 0.030369833333333332, 0.03606373333333333, 0.028241866666666664, 0.03941446666666666, 0.04229503333333334, 0.03264656666666666, 0.040755133333333325, 0.04472453333333333, 0.03739136666666667, 0.0406585, 0.051235133333333335, 0.0586612, 0.053821833333333347, 0.0, 0.14848756666666668, 0.08078129999999999, 0.02247066666666667, 0.03026003333333333, 0.02609079999999999, 0.046336633333333335, 0.029566766666666668, 0.050332533333333325, 0.04832673333333334, 0.0319983, 0.046326666666666676, 0.041029633333333336, 0.040041066666666666, 0.0320068, 0.019238633333333335, 0.059328099999999995, 0.0326308, 0.036604733333333334, 0.03450706666666667, 0.056188333333333326, 0.04437776666666665, 0.018646799999999998, 0.04148073333333334, 0.043224500000000006, 0.0170753, 0.036030599999999996, 0.03987886666666668], [0.05001809999999999, 0.048430399999999985, 0.05534103333333333, 0.03880393333333333, 0.06327633333333334, 0.028419000000000007, 0.03166756666666666, 0.04397463333333334, 0.0316441, 0.0393738, 0.025794833333333333, 0.02620646666666667, 0.04095713333333333, 0.036917533333333336, 0.03128006666666666, 0.04953196666666667, 0.0520682, 0.0238528, 0.04196819999999999, 0.039586633333333336, 0.057109633333333326, 0.03470129999999999, 0.14848756666666668, 0.0, 0.10989523333333331, 0.036486366666666666, 0.030184533333333333, 0.032017399999999994, 0.040615, 0.033962533333333336, 0.04371453333333334, 0.028320799999999997, 0.04527096666666667, 0.06285900000000001, 0.021903466666666666, 0.033073233333333334, 0.034126399999999994, 0.02530309999999999, 0.04685486666666666, 0.05390179999999999, 0.053568033333333334, 0.047412366666666685, 0.04417323333333333, 0.02827786666666667, 0.03238846666666667, 0.04459140000000001, 0.027936899999999997, 0.0353564, 0.03511823333333334, 0.04940023333333333], [0.06112383333333334, 0.04097973333333334, 0.020350466666666664, 0.03130536666666667, 0.04689586666666667, 0.031051333333333327, 0.041988300000000006, 0.0340024, 0.03605576666666667, 0.03766363333333333, 0.047567399999999996, 0.047698399999999995, 0.04056843333333334, 0.03514423333333332, 0.037132, 0.043194166666666665, 0.04449566666666666, 0.042739933333333355, 0.039513233333333335, 0.051622633333333334, 0.07206196666666667, 0.07645426666666667, 0.08078129999999999, 0.10989523333333331, 0.0, 0.036854700000000004, 0.04112096666666666, 0.028050399999999996, 0.05432033333333333, 0.03374486666666667, 0.0446895, 0.04281736666666667, 0.04166746666666667, 0.026673400000000003, 0.03942163333333333, 0.040802033333333335, 0.04770716666666667, 0.0318071, 0.035535166666666666, 0.02853466666666667, 0.029406166666666664, 0.025230466666666663, 0.042569, 0.04285050000000001, 0.035304633333333335, 0.025812866666666663, 0.023900499999999998, 0.027400166666666666, 0.028839899999999998, 0.025219866666666663], [0.03341796666666667, 0.045379300000000004, 0.0429133, 0.03172573333333333, 0.03422973333333333, 0.0550596, 0.04431636666666667, 0.04355856666666666, 0.04311656666666666, 0.04006713333333334, 0.04637103333333334, 0.04730970000000001, 0.03587919999999999, 0.027578266666666667, 0.016322666666666666, 0.03592026666666666, 0.04299926666666667, 0.034827800000000006, 0.050415366666666676, 0.04180619999999999, 0.024734800000000008, 0.0345889, 0.02247066666666667, 0.036486366666666666, 0.036854700000000004, 0.0, 0.6908915666666668, 0.05609266666666668, 0.08023100000000001, 0.09237556666666669, 0.0354646, 0.04959196666666666, 0.02914016666666666, 0.04058393333333333, 0.04540873333333334, 0.03799200000000001, 0.053676166666666664, 0.028286933333333337, 0.02453836666666667, 0.03787313333333334, 0.040568433333333334, 0.05648599999999999, 0.027033633333333328, 0.042938366666666665, 0.04465653333333334, 0.0334987, 0.0373668, 0.021315033333333334, 0.04338713333333335, 0.030829033333333332], [0.041486999999999996, 0.04984196666666667, 0.02764213333333334, 0.028129266666666666, 0.036752, 0.035481533333333336, 0.036127700000000006, 0.038616300000000006, 0.0361364, 0.037238966666666665, 0.041183766666666656, 0.055566500000000005, 0.04379446666666667, 0.02874773333333333, 0.02518343333333333, 0.03321263333333334, 0.0315405, 0.03561313333333334, 0.05786599999999999, 0.03721266666666668, 0.02717606666666667, 0.029623100000000003, 0.03026003333333333, 0.030184533333333333, 0.04112096666666666, 0.6908915666666668, 0.0, 0.044864699999999993, 0.041119166666666665, 0.08361459999999998, 0.028737466666666666, 0.03463763333333334, 0.023487766666666677, 0.04285973333333334, 0.0533126, 0.0361337, 0.046222033333333336, 0.03935620000000001, 0.028936466666666664, 0.04946286666666668, 0.0358821, 0.04455786666666668, 0.03402749999999998, 0.04840933333333333, 0.04222293333333332, 0.033632899999999986, 0.03213579999999999, 0.03668873333333333, 0.04138383333333333, 0.03929569999999999], [0.036143100000000004, 0.04404403333333332, 0.031789166666666674, 0.021224133333333332, 0.020495166666666665, 0.03863793333333334, 0.05199196666666666, 0.028188400000000002, 0.04059646666666666, 0.038995, 0.04129100000000001, 0.03386426666666667, 0.03826746666666666, 0.02554573333333333, 0.0346611, 0.05023416666666668, 0.03594713333333333, 0.041064, 0.04709526666666667, 0.03280746666666667, 0.029904200000000006, 0.0382143, 0.02609079999999999, 0.032017399999999994, 0.028050399999999996, 0.05609266666666668, 0.044864699999999993, 0.0, 0.1258092, 0.056857700000000004, 0.029521033333333335, 0.03338053333333334, 0.028658166666666665, 0.038567833333333315, 0.045352899999999995, 0.0392469, 0.029911100000000003, 0.03427163333333333, 0.0475855, 0.03515236666666666, 0.02805216666666667, 0.02270423333333333, 0.02448053333333334, 0.03901163333333333, 0.0247337, 0.01980116666666666, 0.024860300000000002, 0.047572733333333346, 0.050788766666666665, 0.03815606666666667], [0.02985453333333334, 0.03012043333333333, 0.04720043333333334, 0.02906476666666667, 0.0420622, 0.019939966666666666, 0.02441633333333334, 0.0510212, 0.0432596, 0.0360697, 0.04501703333333334, 0.0433236, 0.044346899999999995, 0.019187499999999996, 0.05121823333333332, 0.04214620000000001, 0.04169846666666667, 0.03900109999999998, 0.0307657, 0.042207900000000007, 0.03817803333333333, 0.026718800000000004, 0.046336633333333335, 0.040615, 0.05432033333333333, 0.08023100000000001, 0.041119166666666665, 0.1258092, 0.0, 0.11369903333333335, 0.042229933333333323, 0.0419773, 0.032540766666666665, 0.04061053333333334, 0.04802513333333334, 0.02693923333333334, 0.027323566666666667, 0.037673333333333316, 0.028524366666666672, 0.029529233333333325, 0.0296252, 0.018602666666666667, 0.028474733333333332, 0.036368199999999996, 0.03685993333333334, 0.019145499999999992, 0.03728126666666667, 0.0502034, 0.024162133333333335, 0.033194166666666663], [0.038677433333333344, 0.0382664, 0.056944266666666674, 0.036822266666666666, 0.03737463333333333, 0.04278959999999999, 0.04409673333333333, 0.055003266666666675, 0.026452166666666662, 0.046675266666666666, 0.02844703333333333, 0.03318786666666667, 0.036717400000000004, 0.04053333333333333, 0.03301833333333333, 0.043189933333333326, 0.0399869, 0.026119266666666665, 0.037278766666666664, 0.050010200000000005, 0.041848233333333325, 0.048789599999999995, 0.029566766666666668, 0.033962533333333336, 0.03374486666666667, 0.09237556666666669, 0.08361459999999998, 0.056857700000000004, 0.11369903333333335, 0.0, 0.030533, 0.034671433333333335, 0.0352803, 0.04577263333333334, 0.052007766666666656, 0.03656960000000001, 0.03834036666666666, 0.04938886666666665, 0.0247359, 0.07170663333333333, 0.04299436666666667, 0.030853933333333333, 0.051096100000000005, 0.028339933333333327, 0.03577486666666666, 0.021481133333333333, 0.046657399999999995, 0.06108579999999998, 0.04132643333333334, 0.027484466666666665], [0.04435729999999999, 0.05807433333333333, 0.027333566666666666, 0.0282802, 0.048883400000000014, 0.0436043, 0.036767599999999984, 0.060061533333333327, 0.02444423333333333, 0.0589831, 0.05016633333333332, 0.04813446666666666, 0.02152316666666667, 0.05413210000000001, 0.047765466666666666, 0.02870376666666666, 0.0383476, 0.021585466666666664, 0.03042656666666667, 0.02038023333333333, 0.024998700000000002, 0.028289, 0.050332533333333325, 0.04371453333333334, 0.0446895, 0.0354646, 0.028737466666666666, 0.029521033333333335, 0.042229933333333323, 0.030533, 0.0, 0.7052878999999999, 0.0629973, 0.06776366666666665, 0.059761733333333344, 0.029045500000000002, 0.03242663333333333, 0.0464549, 0.028353499999999993, 0.03636823333333334, 0.04530063333333333, 0.04929856666666666, 0.050164966666666665, 0.04965853333333333, 0.05925896666666667, 0.032850033333333334, 0.0412019, 0.029922766666666666, 0.03608323333333334, 0.026545333333333337], [0.030829066666666675, 0.04887346666666667, 0.047017066666666656, 0.0298341, 0.04252319999999999, 0.038788100000000006, 0.020409933333333335, 0.029712133333333335, 0.025125099999999997, 0.045318133333333344, 0.05492430000000001, 0.05458446666666668, 0.02528846666666667, 0.04201636666666666, 0.03779053333333334, 0.040753366666666666, 0.04033393333333333, 0.022872233333333332, 0.02504856666666666, 0.016800799999999998, 0.02454783333333333, 0.03204166666666667, 0.04832673333333334, 0.028320799999999997, 0.04281736666666667, 0.04959196666666666, 0.03463763333333334, 0.03338053333333334, 0.0419773, 0.034671433333333335, 0.7052878999999999, 0.0, 0.06017286666666665, 0.08776573333333333, 0.07192886666666666, 0.03227973333333333, 0.03896766666666667, 0.02858366666666666, 0.038752933333333336, 0.0474458, 0.05807006666666666, 0.06733246666666667, 0.03982346666666667, 0.04933346666666666, 0.040221533333333344, 0.05210496666666667, 0.049783866666666655, 0.0514835, 0.0416408, 0.030377933333333336], [0.0357046, 0.05760953333333334, 0.047999666666666656, 0.029556766666666668, 0.032251800000000004, 0.04273459999999999, 0.0323826, 0.04706683333333334, 0.0621893, 0.05816216666666667, 0.03881359999999999, 0.047782466666666676, 0.04886116666666668, 0.048431133333333334, 0.032479799999999996, 0.03089330000000001, 0.05174703333333334, 0.036775166666666664, 0.0337818, 0.025464433333333328, 0.04296056666666666, 0.04358456666666665, 0.0319983, 0.04527096666666667, 0.04166746666666667, 0.02914016666666666, 0.023487766666666677, 0.028658166666666665, 0.032540766666666665, 0.0352803, 0.0629973, 0.06017286666666665, 0.0, 0.14644286666666667, 0.06973296666666666, 0.0274052, 0.0336763, 0.03958606666666667, 0.04509013333333333, 0.040311799999999995, 0.034312666666666665, 0.0283425, 0.04212816666666667, 0.04443603333333335, 0.0425607, 0.04531426666666667, 0.04300603333333333, 0.034196533333333334, 0.028604633333333337, 0.024176100000000002], [0.0476228, 0.04236656666666667, 0.0398433, 0.04882980000000001, 0.03777959999999999, 0.03354123333333334, 0.027717333333333333, 0.05438746666666667, 0.047494066666666675, 0.04566259999999999, 0.031029466666666665, 0.025354799999999997, 0.04341983333333334, 0.020183966666666667, 0.03006863333333333, 0.020548833333333332, 0.033144566666666674, 0.03680563333333334, 0.056573166666666674, 0.030354500000000003, 0.022028100000000002, 0.02794356666666667, 0.046326666666666676, 0.06285900000000001, 0.026673400000000003, 0.04058393333333333, 0.04285973333333334, 0.038567833333333315, 0.04061053333333334, 0.04577263333333334, 0.06776366666666665, 0.08776573333333333, 0.14644286666666667, 0.0, 0.15691803333333332, 0.03154130000000001, 0.029831099999999996, 0.025067100000000005, 0.04480513333333333, 0.03566926666666667, 0.03929493333333332, 0.04072466666666666, 0.0466878, 0.040175366666666656, 0.035867300000000005, 0.04346736666666666, 0.026276166666666663, 0.04604643333333334, 0.04398383333333333, 0.0273773], [0.05432623333333333, 0.049833666666666665, 0.03548553333333334, 0.054027866666666674, 0.030210500000000005, 0.032104299999999995, 0.03585173333333333, 0.035686166666666685, 0.044270199999999996, 0.03933283333333334, 0.03229223333333334, 0.03593046666666667, 0.026990833333333332, 0.034973599999999994, 0.052066600000000005, 0.03743226666666667, 0.04164153333333333, 0.037568500000000005, 0.02468076666666667, 0.027326533333333323, 0.024965166666666663, 0.023933333333333324, 0.041029633333333336, 0.021903466666666666, 0.03942163333333333, 0.04540873333333334, 0.0533126, 0.045352899999999995, 0.04802513333333334, 0.052007766666666656, 0.059761733333333344, 0.07192886666666666, 0.06973296666666666, 0.15691803333333332, 0.0, 0.03550556666666667, 0.034575699999999994, 0.06945176666666666, 0.05003253333333334, 0.04569709999999999, 0.029134199999999996, 0.027801133333333335, 0.022021399999999997, 0.02674179999999999, 0.03599216666666667, 0.032942900000000004, 0.025835733333333336, 0.05297523333333333, 0.05474333333333334, 0.02746393333333333], [0.05060933333333334, 0.0409962, 0.02919073333333334, 0.02895676666666666, 0.03225769999999999, 0.029089, 0.03039506666666666, 0.034968766666666665, 0.044512933333333324, 0.051443866666666664, 0.06737196666666667, 0.04894016666666667, 0.04347486666666666, 0.04212196666666667, 0.0377565, 0.01931146666666667, 0.03495206666666668, 0.04231819999999999, 0.024724733333333335, 0.05356869999999999, 0.05199589999999999, 0.06078326666666667, 0.040041066666666666, 0.033073233333333334, 0.040802033333333335, 0.03799200000000001, 0.0361337, 0.0392469, 0.02693923333333334, 0.03656960000000001, 0.029045500000000002, 0.03227973333333333, 0.0274052, 0.03154130000000001, 0.03550556666666667, 0.0, 0.7341888666666665, 0.04408436666666666, 0.05660639999999999, 0.07642096666666667, 0.028465099999999997, 0.03724756666666667, 0.023877433333333344, 0.02532379999999999, 0.03257546666666668, 0.034545066666666666, 0.03412713333333333, 0.04698666666666667, 0.0271169, 0.0362824], [0.04334046666666666, 0.04051886666666667, 0.02889553333333333, 0.033392333333333336, 0.03121643333333334, 0.0338259, 0.045262300000000005, 0.034875199999999995, 0.04257476666666667, 0.04503196666666667, 0.0590406, 0.05131946666666667, 0.04437806666666665, 0.03282436666666667, 0.039693000000000006, 0.0392694, 0.03727833333333333, 0.04344006666666667, 0.0271532, 0.04103873333333332, 0.046414033333333334, 0.05617856666666667, 0.0320068, 0.034126399999999994, 0.04770716666666667, 0.053676166666666664, 0.046222033333333336, 0.029911100000000003, 0.027323566666666667, 0.03834036666666666, 0.03242663333333333, 0.03896766666666667, 0.0336763, 0.029831099999999996, 0.034575699999999994, 0.7341888666666665, 0.0, 0.02834473333333334, 0.05174323333333334, 0.0842568, 0.025398133333333336, 0.035771166666666666, 0.024565499999999994, 0.025398399999999998, 0.04230213333333332, 0.027210833333333326, 0.021508833333333328, 0.037295133333333334, 0.026051233333333333, 0.0309564], [0.043404866666666674, 0.04231946666666667, 0.04299810000000002, 0.037168266666666665, 0.04967260000000001, 0.022833600000000003, 0.035709966666666676, 0.03790766666666667, 0.050955166666666676, 0.0375197, 0.023505033333333338, 0.028053100000000004, 0.03344056666666667, 0.03925733333333334, 0.036642966666666665, 0.05503206666666667, 0.0376739, 0.03087383333333333, 0.041761200000000005, 0.03874723333333334, 0.02992973333333334, 0.032098499999999995, 0.019238633333333335, 0.02530309999999999, 0.0318071, 0.028286933333333337, 0.03935620000000001, 0.03427163333333333, 0.037673333333333316, 0.04938886666666665, 0.0464549, 0.02858366666666666, 0.03958606666666667, 0.025067100000000005, 0.06945176666666666, 0.04408436666666666, 0.02834473333333334, 0.0, 0.10516176666666666, 0.08186846666666667, 0.05062039999999999, 0.03788989999999999, 0.03853236666666667, 0.036962466666666666, 0.04949956666666667, 0.038111700000000005, 0.038713499999999984, 0.05124199999999999, 0.041918799999999985, 0.027708600000000007], [0.047341100000000004, 0.04528010000000001, 0.0238559, 0.03565576666666666, 0.026438899999999998, 0.036267933333333335, 0.02499816666666666, 0.0334968, 0.031133666666666664, 0.05437679999999999, 0.035531466666666664, 0.039565866666666685, 0.03703069999999999, 0.043835400000000004, 0.026044433333333335, 0.046499, 0.039566533333333334, 0.03167373333333333, 0.03319923333333334, 0.03350516666666666, 0.021141633333333337, 0.017474966666666668, 0.059328099999999995, 0.04685486666666666, 0.035535166666666666, 0.02453836666666667, 0.028936466666666664, 0.0475855, 0.028524366666666672, 0.0247359, 0.028353499999999993, 0.038752933333333336, 0.04509013333333333, 0.04480513333333333, 0.05003253333333334, 0.05660639999999999, 0.05174323333333334, 0.10516176666666666, 0.0, 0.08379909999999999, 0.0396587, 0.054097133333333325, 0.0580885, 0.0652378, 0.03347820000000001, 0.027416033333333336, 0.04299839999999999, 0.027972833333333332, 0.0473304, 0.055295966666666654], [0.028030600000000003, 0.024957433333333334, 0.03338536666666666, 0.04091553333333332, 0.05752196666666666, 0.035859800000000004, 0.052749933333333346, 0.04125796666666667, 0.055973466666666666, 0.051153033333333334, 0.036238566666666666, 0.037189933333333335, 0.033538366666666666, 0.0272973, 0.029432399999999997, 0.05175003333333333, 0.04474543333333332, 0.04968286666666667, 0.03850753333333333, 0.019800333333333333, 0.03067406666666667, 0.024259966666666664, 0.0326308, 0.05390179999999999, 0.02853466666666667, 0.03787313333333334, 0.04946286666666668, 0.03515236666666666, 0.029529233333333325, 0.07170663333333333, 0.03636823333333334, 0.0474458, 0.040311799999999995, 0.03566926666666667, 0.04569709999999999, 0.07642096666666667, 0.0842568, 0.08186846666666667, 0.08379909999999999, 0.0, 0.04517993333333333, 0.0455259, 0.04784080000000001, 0.03956579999999999, 0.03313563333333333, 0.037666066666666664, 0.029154899999999997, 0.03400773333333333, 0.03096646666666666, 0.04936573333333333], [0.0369966, 0.04758273333333333, 0.05668850000000002, 0.02754243333333333, 0.028061000000000003, 0.034436100000000004, 0.035844666666666664, 0.027750566666666664, 0.0511866, 0.0368426, 0.02388756666666667, 0.0366897, 0.03600186666666667, 0.05163853333333335, 0.0527083, 0.061936166666666674, 0.064036, 0.04420259999999999, 0.03176613333333333, 0.0290705, 0.041812100000000005, 0.03889436666666666, 0.036604733333333334, 0.053568033333333334, 0.029406166666666664, 0.0