[[0.0, 0.21428266666666668, 0.07654066666666667, 0.044978033333333334, 0.049122133333333325, 0.0387034, 0.047679099999999995, 0.047761700000000004, 0.043395600000000006, 0.035735866666666664, 0.04240016666666667, 0.033614500000000005, 0.05633556666666666, 0.05452136666666665, 0.03680626666666667, 0.0509574, 0.04844916666666667, 0.03266973333333333, 0.022668966666666672, 0.026013433333333336, 0.021681933333333327, 0.03229406666666667, 0.03632330000000001, 0.034668533333333335, 0.04460976666666666, 0.035271300000000005, 0.041191433333333326, 0.03224833333333334, 0.03743269999999999, 0.053955366666666664, 0.03609979999999999, 0.03700443333333333, 0.03213473333333333, 0.043576966666666675, 0.0754988, 0.038268800000000006, 0.050333533333333326, 0.05018353333333333, 0.04864036666666667, 0.03724569999999999, 0.04941173333333334, 0.04324839999999999, 0.05695659999999999, 0.047174, 0.047703999999999996, 0.04026076666666667, 0.036935333333333334, 0.047917400000000006, 0.05147186666666667, 0.0383976], [0.21428266666666668, 0.0, 0.17027819999999994, 0.04143026666666666, 0.0520018, 0.0370526, 0.056188900000000014, 0.06353606666666667, 0.03793350000000001, 0.03780216666666668, 0.05641776666666667, 0.03200183333333333, 0.04430976666666666, 0.05007510000000001, 0.03979526666666666, 0.055454133333333336, 0.05426559999999999, 0.0568595, 0.042865400000000005, 0.05759049999999999, 0.05003563333333332, 0.03555919999999999, 0.05087513333333332, 0.05907536666666668, 0.04252403333333333, 0.036891566666666674, 0.05307066666666667, 0.060641766666666666, 0.051143233333333336, 0.05963816666666669, 0.03009583333333333, 0.036453700000000006, 0.03916943333333333, 0.04845073333333332, 0.06146653333333334, 0.04583626666666668, 0.06053593333333333, 0.05266746666666667, 0.05044363333333332, 0.06281276666666666, 0.051244833333333344, 0.031805733333333336, 0.04724386666666667, 0.05220263333333334, 0.04260576666666667, 0.0560892, 0.03756503333333334, 0.0465198, 0.03595866666666667, 0.03212953333333332], [0.07654066666666667, 0.17027819999999994, 0.0, 0.08796346666666664, 0.046689600000000005, 0.03474693333333333, 0.041024099999999994, 0.04545060000000001, 0.06126836666666667, 0.05106326666666666, 0.0406822, 0.03499943333333334, 0.046344433333333324, 0.056846100000000004, 0.045438966666666664, 0.045173366666666666, 0.0594337, 0.0473188, 0.04365033333333334, 0.046373633333333324, 0.04133589999999999, 0.039039333333333315, 0.0383652, 0.05262936666666666, 0.056988899999999995, 0.05420213333333335, 0.03560003333333333, 0.05962686666666666, 0.03234853333333334, 0.05300036666666666, 0.0509904, 0.026495566666666664, 0.023994299999999996, 0.0462695, 0.043173300000000005, 0.04039313333333333, 0.038041233333333334, 0.045155466666666665, 0.036642633333333334, 0.035681066666666664, 0.030430133333333335, 0.03366773333333334, 0.05366143333333333, 0.026993599999999996, 0.04252899999999999, 0.03637076666666667, 0.03063893333333333, 0.046829833333333334, 0.047759100000000006, 0.04951499999999999], [0.044978033333333334, 0.04143026666666666, 0.08796346666666664, 0.0, 0.12590216666666668, 0.0650998, 0.032717900000000015, 0.03245683333333333, 0.04380636666666667, 0.05170173333333332, 0.0326872, 0.027512466666666662, 0.051690400000000004, 0.05800993333333333, 0.0492099, 0.03844516666666667, 0.06150873333333332, 0.03846770000000001, 0.05416973333333333, 0.04794006666666666, 0.04219823333333333, 0.04019063333333334, 0.033709466666666674, 0.04279873333333333, 0.0538107, 0.07981753333333334, 0.04254893333333334, 0.04859506666666667, 0.04665596666666668, 0.028909399999999995, 0.0417688, 0.02711053333333334, 0.029501500000000003, 0.05440159999999998, 0.014869100000000003, 0.051599433333333326, 0.05344206666666667, 0.06888636666666666, 0.022799433333333324, 0.02867393333333334, 0.0445412, 0.035698400000000005, 0.06176330000000001, 0.03403033333333334, 0.031853, 0.038433333333333326, 0.04153483333333333, 0.05403496666666666, 0.04863336666666668, 0.03317243333333333], [0.049122133333333325, 0.0520018, 0.046689600000000005, 0.12590216666666668, 0.0, 0.0983313, 0.04276246666666667, 0.04365043333333333, 0.052353333333333314, 0.026457933333333336, 0.029627099999999996, 0.0519315, 0.05907716666666667, 0.052704933333333336, 0.058287766666666685, 0.048516366666666665, 0.06506096666666668, 0.035831666666666664, 0.05560656666666666, 0.05265449999999999, 0.05849593333333333, 0.05138976666666667, 0.05348096666666667, 0.0535806, 0.07268853333333333, 0.05505773333333334, 0.047697566666666656, 0.05670489999999999, 0.041325966666666665, 0.027305500000000007, 0.040213766666666664, 0.03670696666666667, 0.04669729999999999, 0.025525333333333337, 0.0387922, 0.0171903, 0.027962999999999995, 0.05476753333333333, 0.04726533333333334, 0.03265506666666667, 0.03761779999999999, 0.029926266666666663, 0.035151966666666666, 0.04409683333333335, 0.04880386666666666, 0.03389753333333333, 0.05548223333333334, 0.0465229, 0.06721173333333334, 0.04993153333333333], [0.0387034, 0.0370526, 0.03474693333333333, 0.0650998, 0.0983313, 0.0, 0.1181062, 0.04393593333333334, 0.05127623333333334, 0.0332853, 0.05986839999999999, 0.022451133333333338, 0.06608593333333335, 0.06083046666666668, 0.04164656666666666, 0.036271533333333335, 0.03961063333333332, 0.033666, 0.04205013333333333, 0.06217066666666667, 0.04905060000000001, 0.04153483333333332, 0.04474153333333333, 0.03771493333333333, 0.04883063333333334, 0.039106, 0.04303080000000001, 0.04978229999999999, 0.047037166666666665, 0.04843716666666667, 0.06508223333333334, 0.033735566666666675, 0.057649766666666664, 0.033988399999999995, 0.040277533333333344, 0.06430066666666667, 0.048331166666666675, 0.04045693333333332, 0.04751060000000001, 0.03905903333333334, 0.03677729999999999, 0.02416363333333333, 0.047765499999999995, 0.032798466666666665, 0.03322183333333333, 0.03999923333333334, 0.04418446666666667, 0.03068873333333333, 0.03788306666666667, 0.02597666666666667], [0.047679099999999995, 0.056188900000000014, 0.041024099999999994, 0.032717900000000015, 0.04276246666666667, 0.1181062, 0.0, 0.1263047333333333, 0.062387500000000005, 0.037159433333333325, 0.039805066666666666, 0.03657003333333333, 0.044546566666666676, 0.05556236666666667, 0.0383589, 0.0261428, 0.056815033333333334, 0.04741533333333332, 0.03896213333333334, 0.03280936666666667, 0.02832856666666666, 0.026953966666666673, 0.028188899999999996, 0.025646733333333328, 0.01880566666666667, 0.03231153333333333, 0.03434209999999999, 0.036851766666666674, 0.03157313333333333, 0.044189966666666664, 0.03676310000000001, 0.026565833333333327, 0.03986563333333333, 0.022185033333333333, 0.01793033333333334, 0.03459636666666667, 0.04972089999999999, 0.0348129, 0.0259404, 0.04057243333333334, 0.06117740000000001, 0.04920466666666666, 0.04109663333333333, 0.04287056666666667, 0.033060200000000005, 0.04518433333333334, 0.04121760000000001, 0.0354954, 0.03813599999999999, 0.03135786666666667], [0.047761700000000004, 0.06353606666666667, 0.04545060000000001, 0.03245683333333333, 0.04365043333333333, 0.04393593333333334, 0.1263047333333333, 0.0, 0.14085866666666666, 0.044437700000000004, 0.04846406666666667, 0.04589576666666666, 0.051621166666666676, 0.05461236666666667, 0.047678300000000014, 0.05927056666666666, 0.044514166666666674, 0.044693133333333336, 0.05088119999999999, 0.05896906666666667, 0.04791026666666667, 0.059232499999999993, 0.05908533333333332, 0.052908699999999996, 0.04144570000000001, 0.03645933333333334, 0.044276399999999994, 0.038868066666666666, 0.03742713333333333, 0.05009903333333334, 0.03624276666666667, 0.028299066666666674, 0.03153716666666667, 0.04633009999999999, 0.04381433333333334, 0.03728673333333333, 0.0385959, 0.04826576666666666, 0.021858599999999995, 0.03819203333333333, 0.03488703333333334, 0.03689223333333333, 0.037944, 0.042569800000000005, 0.04443299999999999, 0.06102123333333332, 0.03350826666666666, 0.051479266666666676, 0.03330333333333333, 0.0329156], [0.043395600000000006, 0.03793350000000001, 0.06126836666666667, 0.04380636666666667, 0.052353333333333314, 0.05127623333333334, 0.062387500000000005, 0.14085866666666666, 0.0, 0.13725816666666663, 0.0889889, 0.033833466666666666, 0.0367202, 0.040483066666666664, 0.049533133333333326, 0.03852610000000001, 0.04037839999999999, 0.06868433333333335, 0.03907293333333334, 0.046338666666666674, 0.0355553, 0.03137756666666667, 0.037753199999999994, 0.04578883333333332, 0.04954346666666667, 0.033020966666666665, 0.03535273333333333, 0.03748173333333333, 0.05168683333333334, 0.045673799999999994, 0.04428856666666666, 0.03978000000000001, 0.06234773333333333, 0.0511529, 0.030851533333333334, 0.04351959999999999, 0.07016213333333333, 0.04014043333333333, 0.0436153, 0.036863833333333325, 0.04249206666666666, 0.04483700000000001, 0.08393629999999998, 0.04897946666666667, 0.04793413333333332, 0.0404569, 0.0334336, 0.04515493333333332, 0.049239099999999994, 0.05086843333333333], [0.035735866666666664, 0.03780216666666668, 0.05106326666666666, 0.05170173333333332, 0.026457933333333336, 0.0332853, 0.037159433333333325, 0.044437700000000004, 0.13725816666666663, 0.0, 0.20695190000000002, 0.08153930000000001, 0.037128299999999996, 0.06454046666666667, 0.029710266666666672, 0.04013196666666667, 0.045331633333333336, 0.049878066666666665, 0.035665199999999994, 0.0329126, 0.035092133333333324, 0.04446453333333335, 0.04142130000000001, 0.04628433333333333, 0.03698590000000001, 0.03513086666666667, 0.04867673333333335, 0.05169083333333334, 0.04017370000000002, 0.07009266666666666, 0.02880043333333334, 0.04330186666666667, 0.039867533333333344, 0.06473373333333333, 0.03547153333333333, 0.03381123333333333, 0.03349536666666667, 0.05353543333333333, 0.04190496666666667, 0.046054733333333334, 0.025644866666666665, 0.06672266666666667, 0.07217433333333333, 0.062072033333333325, 0.03757603333333334, 0.04354083333333334, 0.03900686666666667, 0.02447956666666666, 0.03887286666666667, 0.026733800000000002], [0.04240016666666667, 0.05641776666666667, 0.0406822, 0.0326872, 0.029627099999999996, 0.05986839999999999, 0.039805066666666666, 0.04846406666666667, 0.0889889, 0.20695190000000002, 0.0, 0.1472578666666667, 0.07236166666666667, 0.07543120000000002, 0.02240676666666667, 0.054501933333333336, 0.0553476, 0.06193263333333335, 0.051362166666666674, 0.04522373333333333, 0.05901833333333334, 0.05802723333333333, 0.07929136666666667, 0.09958283333333331, 0.08970640000000002, 0.09374343333333332, 0.09428006666666669, 0.07360513333333332, 0.05861253333333333, 0.06106949999999999, 0.03529773333333333, 0.05091833333333333, 0.04622296666666667, 0.07014166666666664, 0.03159610000000001, 0.037911400000000005, 0.029888166666666667, 0.03365376666666667, 0.04214770000000001, 0.06089433333333334, 0.030025633333333333, 0.03225516666666666, 0.04524633333333333, 0.04173996666666666, 0.052511, 0.04847183333333333, 0.06166176666666668, 0.035504433333333335, 0.03609223333333333, 0.033426366666666665], [0.033614500000000005, 0.03200183333333333, 0.03499943333333334, 0.027512466666666662, 0.0519315, 0.022451133333333338, 0.03657003333333333, 0.04589576666666666, 0.033833466666666666, 0.08153930000000001, 0.1472578666666667, 0.0, 0.17385673333333335, 0.10205463333333335, 0.0612108, 0.06915083333333333, 0.06127910000000001, 0.06045706666666666, 0.0642382, 0.06259619999999999, 0.0455922, 0.06286843333333335, 0.08727850000000001, 0.10498966666666665, 0.09025486666666668, 0.08058369999999998, 0.08301626666666666, 0.04465693333333333, 0.03849186666666666, 0.0344559, 0.03935143333333334, 0.042161133333333344, 0.05026716666666668, 0.03444026666666667, 0.03348173333333334, 0.025231299999999998, 0.0357157, 0.031334433333333335, 0.0374492, 0.03610126666666667, 0.0324101, 0.03171383333333333, 0.019478733333333335, 0.050077199999999995, 0.04743760000000001, 0.030039066666666663, 0.046100600000000005, 0.031834899999999985, 0.027890366666666666, 0.03026783333333333], [0.05633556666666666, 0.04430976666666666, 0.046344433333333324, 0.051690400000000004, 0.05907716666666667, 0.06608593333333335, 0.044546566666666676, 0.051621166666666676, 0.0367202, 0.037128299999999996, 0.07236166666666667, 0.17385673333333335, 0.0, 0.21929129999999997, 0.10301133333333334, 0.07321726666666667, 0.06077803333333333, 0.03960146666666666, 0.0607892, 0.062006533333333336, 0.03238823333333333, 0.03949003333333332, 0.04343283333333334, 0.056252833333333335, 0.05468533333333334, 0.03381703333333332, 0.05446706666666667, 0.038664899999999995, 0.04161183333333335, 0.06853093333333334, 0.03215666666666667, 0.05019373333333334, 0.034101566666666666, 0.07023869999999999, 0.03612496666666667, 0.0455628333333333, 0.03952589999999999, 0.028660366666666666, 0.036498766666666654, 0.04340470000000001, 0.04204256666666666, 0.04227379999999999, 0.04234636666666666, 0.04495603333333333, 0.028346133333333332, 0.03482193333333334, 0.06010426666666666, 0.030381599999999995, 0.03984106666666667, 0.0345303], [0.05452136666666665, 0.05007510000000001, 0.056846100000000004, 0.05800993333333333, 0.052704933333333336, 0.06083046666666668, 0.05556236666666667, 0.05461236666666667, 0.040483066666666664, 0.06454046666666667, 0.07543120000000002, 0.10205463333333335, 0.21929129999999997, 0.0, 0.2261693666666667, 0.09117723333333332, 0.08849399999999998, 0.04479436666666666, 0.03185193333333334, 0.04326863333333334, 0.03848473333333333, 0.03682389999999999, 0.03476510000000001, 0.045725600000000005, 0.050221199999999994, 0.04655643333333333, 0.04677436666666667, 0.05476203333333334, 0.047832666666666655, 0.06870106666666667, 0.04848443333333334, 0.055732233333333325, 0.023948999999999995, 0.05825036666666666, 0.03409313333333333, 0.03596093333333334, 0.03845046666666666, 0.032380500000000006, 0.0183847, 0.03720443333333333, 0.037744566666666673, 0.02509733333333333, 0.030736699999999995, 0.0448367, 0.048854466666666665, 0.03309023333333332, 0.08090746666666668, 0.046914666666666674, 0.0330605, 0.03135], [0.03680626666666667, 0.03979526666666666, 0.045438966666666664, 0.0492099, 0.058287766666666685, 0.04164656666666666, 0.0383589, 0.047678300000000014, 0.049533133333333326, 0.029710266666666672, 0.02240676666666667, 0.0612108, 0.10301133333333334, 0.2261693666666667, 0.0, 0.23485836666666665, 0.09205343333333331, 0.0508461, 0.02746353333333333, 0.036768966666666666, 0.026395100000000005, 0.03198383333333333, 0.032510399999999995, 0.053463133333333336, 0.04698643333333333, 0.031418299999999996, 0.0386055, 0.024678166666666668, 0.03886773333333332, 0.04400243333333334, 0.03757390000000001, 0.0419266, 0.05380656666666665, 0.03357833333333333, 0.02762756666666667, 0.044057999999999986, 0.06172363333333333, 0.043479266666666676, 0.01761113333333333, 0.043289600000000004, 0.04278706666666667, 0.022220266666666662, 0.03555423333333334, 0.05409036666666667, 0.03208826666666668, 0.02648463333333333, 0.054426233333333324, 0.04806353333333334, 0.04050813333333333, 0.04714479999999999], [0.0509574, 0.055454133333333336, 0.045173366666666666, 0.03844516666666667, 0.048516366666666665, 0.036271533333333335, 0.0261428, 0.05927056666666666, 0.03852610000000001, 0.04013196666666667, 0.054501933333333336, 0.06915083333333333, 0.07321726666666667, 0.09117723333333332, 0.23485836666666665, 0.0, 0.26895170000000007, 0.1140334, 0.05937106666666665, 0.053537533333333345, 0.045294399999999985, 0.04759906666666666, 0.06850476666666667, 0.07421699999999999, 0.07243613333333333, 0.04437916666666667, 0.06068553333333333, 0.030427933333333337, 0.046961099999999985, 0.04488473333333333, 0.051302, 0.04970106666666666, 0.04962999999999999, 0.06360606666666667, 0.03546116666666666, 0.031062033333333343, 0.04710516666666667, 0.0692574, 0.03741273333333334, 0.03777673333333333, 0.028677233333333333, 0.03915473333333334, 0.03095553333333333, 0.043963300000000004, 0.0458092, 0.030519866666666666, 0.028450699999999992, 0.03532133333333333, 0.033248900000000005, 0.07667413333333332], [0.04844916666666667, 0.05426559999999999, 0.0594337, 0.06150873333333332, 0.06506096666666668, 0.03961063333333332, 0.056815033333333334, 0.044514166666666674, 0.04037839999999999, 0.045331633333333336, 0.0553476, 0.06127910000000001, 0.06077803333333333, 0.08849399999999998, 0.09205343333333331, 0.26895170000000007, 0.0, 0.2681426, 0.11138096666666666, 0.07994626666666665, 0.07851153333333331, 0.07314676666666667, 0.07564309999999999, 0.06570573333333334, 0.06988810000000001, 0.05486793333333333, 0.07476946666666666, 0.047358533333333334, 0.05725913333333333, 0.0400808, 0.03754943333333333, 0.058187433333333344, 0.03799736666666668, 0.04187766666666667, 0.03636486666666667, 0.05570263333333333, 0.0342322, 0.03736526666666666, 0.023411133333333337, 0.061104933333333326, 0.05085109999999999, 0.05032603333333333, 0.0413184, 0.0445889, 0.033594233333333334, 0.043028033333333326, 0.05763540000000001, 0.040643466666666656, 0.0332516, 0.03825183333333333], [0.03266973333333333, 0.0568595, 0.0473188, 0.03846770000000001, 0.035831666666666664, 0.033666, 0.04741533333333332, 0.044693133333333336, 0.06868433333333335, 0.049878066666666665, 0.06193263333333335, 0.06045706666666666, 0.03960146666666666, 0.04479436666666666, 0.0508461, 0.1140334, 0.2681426, 0.0, 0.26466933333333337, 0.10947003333333333, 0.11738303333333332, 0.10496853333333332, 0.10168956666666668, 0.09409190000000003, 0.0898262, 0.07893146666666666, 0.07511386666666667, 0.06345656666666666, 0.06420160000000001, 0.03819736666666667, 0.0349772, 0.03202526666666666, 0.023804099999999995, 0.0466484, 0.03677363333333333, 0.0322663, 0.024429499999999996, 0.02901283333333333, 0.030926466666666663, 0.05758363333333333, 0.036857566666666675, 0.04947583333333334, 0.04056766666666667, 0.047747400000000016, 0.04833246666666665, 0.028333100000000003, 0.045720300000000005, 0.0380525, 0.03349423333333333, 0.055843000000000004], [0.022668966666666672, 0.042865400000000005, 0.04365033333333334, 0.05416973333333333, 0.05560656666666666, 0.04205013333333333, 0.03896213333333334, 0.05088119999999999, 0.03907293333333334, 0.035665199999999994, 0.051362166666666674, 0.0642382, 0.0607892, 0.03185193333333334, 0.02746353333333333, 0.05937106666666665, 0.11138096666666666, 0.26466933333333337, 0.0, 0.3049678666666667, 0.18672956666666668, 0.1399034, 0.10499296666666665, 0.08846983333333333, 0.06941896666666665, 0.05710536666666667, 0.06171546666666667, 0.04512559999999999, 0.08536706666666667, 0.04097923333333334, 0.05689303333333333, 0.03306516666666666, 0.0281791, 0.040032733333333334, 0.0377105, 0.03415763333333333, 0.028194566666666667, 0.042974300000000014, 0.023863366666666667, 0.032280366666666664, 0.03854016666666665, 0.030999799999999994, 0.023431699999999996, 0.04996776666666667, 0.03530113333333334, 0.036786433333333333, 0.041747499999999986, 0.03153449999999999, 0.039895400000000004, 0.04904023333333333], [0.026013433333333336, 0.05759049999999999, 0.046373633333333324, 0.04794006666666666, 0.05265449999999999, 0.06217066666666667, 0.03280936666666667, 0.05896906666666667, 0.046338666666666674, 0.0329126, 0.04522373333333333, 0.06259619999999999, 0.062006533333333336, 0.04326863333333334, 0.036768966666666666, 0.053537533333333345, 0.07994626666666665, 0.10947003333333333, 0.3049678666666667, 0.0, 0.4098281666666667, 0.24173843333333334, 0.16856106666666673, 0.13602433333333336, 0.08895243333333333, 0.06346053333333332, 0.0640171, 0.047644133333333324, 0.061220666666666666, 0.05060156666666667, 0.04187146666666667, 0.030641299999999996, 0.029829766666666663, 0.023564766666666667, 0.03289293333333333, 0.04194339999999999, 0.04347526666666667, 0.05050013333333332, 0.0387533, 0.03144433333333333, 0.03918476666666666, 0.03300153333333335, 0.025637666666666663, 0.035977966666666666, 0.02496936666666666, 0.03440016666666666, 0.05031456666666667, 0.0348051, 0.0224103, 0.02672576666666666], [0.021681933333333327, 0.05003563333333332, 0.04133589999999999, 0.04219823333333333, 0.05849593333333333, 0.04905060000000001, 0.02832856666666666, 0.04791026666666667, 0.0355553, 0.035092133333333324, 0.05901833333333334, 0.0455922, 0.03238823333333333, 0.03848473333333333, 0.026395100000000005, 0.045294399999999985, 0.07851153333333331, 0.11738303333333332, 0.18672956666666668, 0.4098281666666667, 0.0, 0.6380402999999999, 0.45402483333333327, 0.3432067333333334, 0.21522693333333334, 0.12356820000000002, 0.10785446666666669, 0.046790033333333335, 0.07938329999999999, 0.0615348, 0.045625533333333336, 0.028792766666666667, 0.030493333333333338, 0.045632599999999995, 0.03690556666666666, 0.044195733333333334, 0.0264342, 0.053577799999999995, 0.0440825, 0.03505333333333333, 0.0344266, 0.0200235, 0.0262519, 0.032646499999999995, 0.0317149, 0.029114699999999997, 0.042139966666666674, 0.041191933333333326, 0.03459253333333333, 0.046478933333333326], [0.03229406666666667, 0.03555919999999999, 0.039039333333333315, 0.04019063333333334, 0.05138976666666667, 0.04153483333333332, 0.026953966666666673, 0.059232499999999993, 0.03137756666666667, 0.04446453333333335, 0.05802723333333333, 0.06286843333333335, 0.03949003333333332, 0.03682389999999999, 0.03198383333333333, 0.04759906666666666, 0.07314676666666667, 0.10496853333333332, 0.1399034, 0.24173843333333334, 0.6380402999999999, 0.0, 0.7890341000000001, 0.5551733999999999, 0.32210449999999996, 0.14875933333333335, 0.11408499999999999, 0.060567899999999994, 0.08107293333333333, 0.06550933333333334, 0.05508823333333333, 0.02542743333333333, 0.0438991, 0.0500961, 0.03389033333333333, 0.042224166666666674, 0.029020999999999988, 0.043415166666666664, 0.0403255, 0.03346893333333334, 0.035148200000000004, 0.028576166666666666, 0.036682733333333335, 0.03306923333333333, 0.05050856666666667, 0.0272212, 0.05354293333333332, 0.02817756666666666, 0.05569053333333335, 0.040280833333333335], [0.03632330000000001, 0.05087513333333332, 0.0383652, 0.033709466666666674, 0.05348096666666667, 0.04474153333333333, 0.028188899999999996, 0.05908533333333332, 0.037753199999999994, 0.04142130000000001, 0.07929136666666667, 0.08727850000000001, 0.04343283333333334, 0.03476510000000001, 0.032510399999999995, 0.06850476666666667, 0.07564309999999999, 0.10168956666666668, 0.10499296666666665, 0.16856106666666673, 0.45402483333333327, 0.7890341000000001, 0.0, 0.9195185666666669, 0.45403743333333324, 0.20042623333333334, 0.14158036666666668, 0.08133723333333336, 0.098602, 0.05652903333333334, 0.05464073333333336, 0.03420199999999999, 0.04937916666666666, 0.0657086, 0.04480616666666666, 0.05012126666666667, 0.034332966666666666, 0.05490799999999999, 0.052082199999999995, 0.03340113333333333, 0.03659366666666667, 0.030743733333333332, 0.04125633333333333, 0.03845206666666666, 0.05370606666666666, 0.0237571, 0.03929636666666666, 0.0315455, 0.04878076666666667, 0.04668316666666668], [0.034668533333333335, 0.05907536666666668, 0.05262936666666666, 0.04279873333333333, 0.0535806, 0.03771493333333333, 0.025646733333333328, 0.052908699999999996, 0.04578883333333332, 0.04628433333333333, 0.09958283333333331, 0.10498966666666665, 0.056252833333333335, 0.045725600000000005, 0.053463133333333336, 0.07421699999999999, 0.06570573333333334, 0.09409190000000003, 0.08846983333333333, 0.13602433333333336, 0.3432067333333334, 0.5551733999999999, 0.9195185666666669, 0.0, 0.7092827000000002, 0.3232668, 0.1693385666666667, 0.10241556666666668, 0.08747073333333331, 0.08424013333333331, 0.049828000000000004, 0.033546933333333334, 0.05721609999999999, 0.06381333333333332, 0.05113079999999999, 0.043061133333333335, 0.03761296666666667, 0.06582123333333333, 0.04473223333333333, 0.02933716666666667, 0.030960933333333333, 0.02274536666666667, 0.04138426666666666, 0.0412354, 0.05121866666666666, 0.020190566666666663, 0.02881066666666666, 0.02617366666666666, 0.043698200000000006, 0.06234616666666669], [0.04460976666666666, 0.04252403333333333, 0.056988899999999995, 0.0538107, 0.07268853333333333, 0.04883063333333334, 0.01880566666666667, 0.04144570000000001, 0.04954346666666667, 0.03698590000000001, 0.08970640000000002, 0.09025486666666668, 0.05468533333333334, 0.050221199999999994, 0.04698643333333333, 0.07243613333333333, 0.06988810000000001, 0.0898262, 0.06941896666666665, 0.08895243333333333, 0.21522693333333334, 0.32210449999999996, 0.45403743333333324, 0.7092827000000002, 0.0, 0.4724877333333333, 0.22597080000000003, 0.12174080000000001, 0.09013099999999999, 0.05601433333333334, 0.06248126666666668, 0.03157136666666667, 0.05127879999999999, 0.06813233333333332, 0.0511941, 0.04303520000000001, 0.03434526666666665, 0.06086923333333332, 0.04965666666666666, 0.02992043333333333, 0.03194330000000001, 0.02682056666666666, 0.047017966666666675, 0.054298, 0.06712916666666667, 0.017499066666666663, 0.03759603333333334, 0.0296442, 0.055562233333333336, 0.059370599999999996], [0.035271300000000005, 0.036891566666666674, 0.05420213333333335, 0.07981753333333334, 0.05505773333333334, 0.039106, 0.03231153333333333, 0.03645933333333334, 0.033020966666666665, 0.03513086666666667, 0.09374343333333332, 0.08058369999999998, 0.03381703333333332, 0.04655643333333333, 0.031418299999999996, 0.04437916666666667, 0.05486793333333333, 0.07893146666666666, 0.05710536666666667, 0.06346053333333332, 0.12356820000000002, 0.14875933333333335, 0.20042623333333334, 0.3232668, 0.4724877333333333, 0.0, 0.2855023666666666, 0.1328278, 0.07778103333333335, 0.0627951666666667, 0.050249499999999996, 0.04442843333333333, 0.05049683333333333, 0.06273393333333334, 0.028761733333333338, 0.05601576666666667, 0.032351733333333334, 0.05450163333333335, 0.06256073333333334, 0.06721013333333332, 0.0508925, 0.01817576666666667, 0.049455933333333334, 0.04888993333333332, 0.04938343333333334, 0.031499666666666676, 0.03936443333333334, 0.01948653333333333, 0.04970886666666666, 0.034702133333333336], [0.041191433333333326, 0.05307066666666667, 0.03560003333333333, 0.04254893333333334, 0.047697566666666656, 0.04303080000000001, 0.03434209999999999, 0.044276399999999994, 0.03535273333333333, 0.04867673333333335, 0.09428006666666669, 0.08301626666666666, 0.05446706666666667, 0.04677436666666667, 0.0386055, 0.06068553333333333, 0.07476946666666666, 0.07511386666666667, 0.06171546666666667, 0.0640171, 0.10785446666666669, 0.11408499999999999, 0.14158036666666668, 0.1693385666666667, 0.22597080000000003, 0.2855023666666666, 0.0, 0.14644646666666666, 0.0735345, 0.07372546666666668, 0.03574370000000001, 0.03583036666666666, 0.04172716666666666, 0.0539925, 0.04991376666666667, 0.04666699999999998, 0.03265673333333334, 0.08652336666666666, 0.060560366666666664, 0.0305349, 0.061459866666666675, 0.049189333333333335, 0.042330566666666666, 0.059919766666666666, 0.059156533333333344, 0.022651300000000003, 0.04918603333333334, 0.04009596666666666, 0.05258843333333333, 0.036911299999999994], [0.03224833333333334, 0.060641766666666666, 0.05962686666666666, 0.04859506666666667, 0.05670489999999999, 0.04978229999999999, 0.036851766666666674, 0.038868066666666666, 0.03748173333333333, 0.05169083333333334, 0.07360513333333332, 0.04465693333333333, 0.038664899999999995, 0.05476203333333334, 0.024678166666666668, 0.030427933333333337, 0.047358533333333334, 0.06345656666666666, 0.04512559999999999, 0.047644133333333324, 0.046790033333333335, 0.060567899999999994, 0.08133723333333336, 0.10241556666666668, 0.12174080000000001, 0.1328278, 0.14644646666666666, 0.0, 0.06338813333333333, 0.04987523333333334, 0.0409091, 0.04111686666666667, 0.042654, 0.05339800000000001, 0.048551699999999996, 0.04876796666666667, 0.03551520000000001, 0.07146723333333334, 0.03127633333333333, 0.03337773333333333, 0.04926336666666668, 0.03462173333333333, 0.047253733333333325, 0.06552313333333333, 0.052410066666666665, 0.0533824, 0.0541724, 0.026757899999999998, 0.03872893333333333, 0.032985299999999995], [0.03743269999999999, 0.051143233333333336, 0.03234853333333334, 0.04665596666666668, 0.041325966666666665, 0.047037166666666665, 0.03157313333333333, 0.03742713333333333, 0.05168683333333334, 0.04017370000000002, 0.05861253333333333, 0.03849186666666666, 0.04161183333333335, 0.047832666666666655, 0.03886773333333332, 0.046961099999999985, 0.05725913333333333, 0.06420160000000001, 0.08536706666666667, 0.061220666666666666, 0.07938329999999999, 0.08107293333333333, 0.098602, 0.08747073333333331, 0.09013099999999999, 0.07778103333333335, 0.0735345, 0.06338813333333333, 0.0, 0.05103983333333334, 0.02991023333333333, 0.048758799999999984, 0.031055133333333335, 0.05184086666666668, 0.027387199999999997, 0.06119876666666666, 0.040410800000000004, 0.06826043333333334, 0.07339380000000001, 0.03882036666666666, 0.03945536666666666, 0.05698333333333334, 0.032367966666666664, 0.036987033333333336, 0.051027833333333335, 0.03680893333333333, 0.027071233333333333, 0.04687883333333334, 0.05119286666666668, 0.048208600000000004], [0.053955366666666664, 0.05963816666666669, 0.05300036666666666, 0.028909399999999995, 0.027305500000000007, 0.04843716666666667, 0.044189966666666664, 0.05009903333333334, 0.045673799999999994, 0.07009266666666666, 0.06106949999999999, 0.0344559, 0.06853093333333334, 0.06870106666666667, 0.04400243333333334, 0.04488473333333333, 0.0400808, 0.03819736666666667, 0.04097923333333334, 0.05060156666666667, 0.0615348, 0.06550933333333334, 0.05652903333333334, 0.08424013333333331, 0.05601433333333334, 0.0627951666666667, 0.07372546666666668, 0.04987523333333334, 0.05103983333333334, 0.0, 0.06217156666666666, 0.05161236666666667, 0.037994833333333325, 0.03759363333333335, 0.03770380000000001, 0.06895953333333332, 0.04341966666666667, 0.04775766666666667, 0.04020826666666667, 0.05349983333333334, 0.07572736666666664, 0.058226733333333336, 0.06678446666666665, 0.04156023333333335, 0.04341150000000001, 0.05805156666666665, 0.04761433333333333, 0.04253156666666666, 0.033853400000000006, 0.04012923333333333], [0.03609979999999999, 0.03009583333333333, 0.0509904, 0.0417688, 0.040213766666666664, 0.06508223333333334, 0.03676310000000001, 0.03624276666666667, 0.04428856666666666, 0.02880043333333334, 0.03529773333333333, 0.03935143333333334, 0.03215666666666667, 0.04848443333333334, 0.03757390000000001, 0.051302, 0.03754943333333333, 0.0349772, 0.05689303333333333, 0.04187146666666667, 0.045625533333333336, 0.05508823333333333, 0.05464073333333336, 0.049828000000000004, 0.06248126666666668, 0.050249499999999996, 0.03574370000000001, 0.0409091, 0.02991023333333333, 0.06217156666666666, 0.0, 0.060145966666666655, 0.04746750000000002, 0.043487733333333334, 0.03506373333333334, 0.04258800000000001, 0.041674766666666675, 0.036229000000000004, 0.049125199999999994, 0.029907833333333335, 0.03351816666666667, 0.0243511, 0.05390956666666667, 0.028074900000000003, 0.035651566666666676, 0.0256627, 0.0588906, 0.05357860000000001, 0.03871426666666667, 0.0456996], [0.03700443333333333, 0.036453700000000006, 0.026495566666666664, 0.02711053333333334, 0.03670696666666667, 0.033735566666666675, 0.026565833333333327, 0.028299066666666674, 0.03978000000000001, 0.04330186666666667, 0.05091833333333333, 0.042161133333333344, 0.05019373333333334, 0.055732233333333325, 0.0419266, 0.04970106666666666, 0.058187433333333344, 0.03202526666666666, 0.03306516666666666, 0.030641299999999996, 0.028792766666666667, 0.02542743333333333, 0.03420199999999999, 0.033546933333333334, 0.03157136666666667, 0.04442843333333333, 0.03583036666666666, 0.04111686666666667, 0.048758799999999984, 0.05161236666666667, 0.060145966666666655, 0.0, 0.06692483333333335, 0.0318045, 0.06177806666666668, 0.03900183333333333, 0.024644299999999997, 0.018068233333333336, 0.037842433333333335, 0.07171733333333336, 0.055788433333333325, 0.050383366666666665, 0.04284410000000001, 0.02685786666666667, 0.032042433333333335, 0.037415933333333325, 0.0412329, 0.034508033333333334, 0.03347946666666666, 0.05234559999999999], [0.03213473333333333, 0.03916943333333333, 0.023994299999999996, 0.029501500000000003, 0.04669729999999999, 0.057649766666666664, 0.03986563333333333, 0.03153716666666667, 0.06234773333333333, 0.039867533333333344, 0.04622296666666667, 0.05026716666666668, 0.034101566666666666, 0.023948999999999995, 0.05380656666666665, 0.04962999999999999, 0.03799736666666668, 0.023804099999999995, 0.0281791, 0.029829766666666663, 0.030493333333333338, 0.0438991, 0.04937916666666666, 0.05721609999999999, 0.05127879999999999, 0.05049683333333333, 0.04172716666666666, 0.042654, 0.031055133333333335, 0.037994833333333325, 0.04746750000000002, 0.06692483333333335, 0.0, 0.056819933333333336, 0.06704, 0.036566466666666665, 0.03967186666666666, 0.06015763333333333, 0.03989503333333332, 0.034850233333333334, 0.040987466666666666, 0.052934899999999986, 0.04844576666666668, 0.03692499999999999, 0.040282533333333335, 0.03985110000000001, 0.03666856666666668, 0.040053666666666675, 0.046093033333333325, 0.03729206666666667], [0.043576966666666675, 0.04845073333333332, 0.0462695, 0.05440159999999998, 0.025525333333333337, 0.033988399999999995, 0.022185033333333333, 0.04633009999999999, 0.0511529, 0.06473373333333333, 0.07014166666666664, 0.03444026666666667, 0.07023869999999999, 0.05825036666666666, 0.03357833333333333, 0.06360606666666667, 0.04187766666666667, 0.0466484, 0.040032733333333334, 0.023564766666666667, 0.045632599999999995, 0.0500961, 0.0657086, 0.06381333333333332, 0.06813233333333332, 0.06273393333333334, 0.0539925, 0.05339800000000001, 0.05184086666666668, 0.03759363333333335, 0.043487733333333334, 0.0318045, 0.056819933333333336, 0.0, 0.03802169999999999, 0.06636423333333331, 0.030110466666666662, 0.04337613333333334, 0.033371366666666666, 0.03851156666666667, 0.051277500000000004, 0.07301066666666667, 0.04125796666666667, 0.0639676, 0.03164953333333333, 0.052128299999999995, 0.038708266666666664, 0.033814566666666664, 0.04023676666666666, 0.056376433333333316], [0.0754988, 0.06146653333333334, 0.043173300000000005, 0.014869100000000003, 0.0387922, 0.040277533333333344, 0.01793033333333334, 0.04381433333333334, 0.030851533333333334, 0.03547153333333333, 0.03159610000000001, 0.03348173333333334, 0.03612496666666667, 0.03409313333333333, 0.02762756666666667, 0.03546116666666666, 0.03636486666666667, 0.03677363333333333, 0.0377105, 0.03289293333333333, 0.03690556666666666, 0.03389033333333333, 0.04480616666666666, 0.05113079999999999, 0.0511941, 0.028761733333333338, 0.04991376666666667, 0.048551699999999996, 0.027387199999999997, 0.03770380000000001, 0.03506373333333334, 0.06177806666666668, 0.06704, 0.03802169999999999, 0.0, 0.03646206666666666, 0.040645066666666674, 0.02512316666666667, 0.039251766666666674, 0.030605800000000002, 0.046045499999999996, 0.044476599999999984, 0.06363746666666667, 0.050521533333333334, 0.03854593333333334, 0.03119296666666667, 0.0343877, 0.042958699999999996, 0.033076666666666664, 0.033482700000000004], [0.038268800000000006, 0.04583626666666668, 0.04039313333333333, 0.051599433333333326, 0.0171903, 0.06430066666666667, 0.03459636666666667, 0.03728673333333333, 0.04351959999999999, 0.03381123333333333, 0.037911400000000005, 0.025231299999999998, 0.0455628333333333, 0.03596093333333334, 0.044057999999999986, 0.031062033333333343, 0.05570263333333333, 0.0322663, 0.03415763333333333, 0.04194339999999999, 0.044195733333333334, 0.042224166666666674, 0.05012126666666667, 0.043061133333333335, 0.04303520000000001, 0.05601576666666667, 0.04666699999999998, 0.04876796666666667, 0.06119876666666666, 0.06895953333333332, 0.04258800000000001, 0.03900183333333333, 0.036566466666666665, 0.06636423333333331, 0.03646206666666666, 0.0, 0.0439925, 0.051710466666666656, 0.029288133333333338, 0.04693626666666666, 0.060563833333333345, 0.03127833333333334, 0.0302362, 0.0306413, 0.0392548, 0.0302052, 0.03668156666666666, 0.029823166666666668, 0.036759133333333326, 0.025591599999999996], [0.050333533333333326, 0.06053593333333333, 0.038041233333333334, 0.05344206666666667, 0.027962999999999995, 0.048331166666666675, 0.04972089999999999, 0.0385959, 0.07016213333333333, 0.03349536666666667, 0.029888166666666667, 0.0357157, 0.03952589999999999, 0.03845046666666666, 0.06172363333333333, 0.04710516666666667, 0.0342322, 0.024429499999999996, 0.028194566666666667, 0.04347526666666667, 0.0264342, 0.029020999999999988, 0.034332966666666666, 0.03761296666666667, 0.03434526666666665, 0.032351733333333334, 0.03265673333333334, 0.03551520000000001, 0.040410800000000004, 0.04341966666666667, 0.041674766666666675, 0.024644299999999997, 0.03967186666666666, 0.030110466666666662, 0.040645066666666674, 0.0439925, 0.0, 0.03258426666666665, 0.041262266666666665, 0.0500097, 0.03233426666666666, 0.05349080000000001, 0.049575133333333334, 0.04087079999999999, 0.03020283333333333, 0.045980433333333334, 0.044895333333333336, 0.03694296666666667, 0.0619657, 0.03751463333333334], [0.05018353333333333, 0.05266746666666667, 0.045155466666666665, 0.06888636666666666, 0.05476753333333333, 0.04045693333333332, 0.0348129, 0.04826576666666666, 0.04014043333333333, 0.05353543333333333, 0.03365376666666667, 0.031334433333333335, 0.028660366666666666, 0.032380500000000006, 0.043479266666666676, 0.0692574, 0.03736526666666666, 0.02901283333333333, 0.042974300000000014, 0.05050013333333332, 0.053577799999999995, 0.043415166666666664, 0.05490799999999999, 0.06582123333333333, 0.06086923333333332, 0.05450163333333335, 0.08652336666666666, 0.07146723333333334, 0.06826043333333334, 0.04775766666666667, 0.036229000000000004, 0.018068233333333336, 0.06015763333333333, 0.04337613333333334, 0.02512316666666667, 0.051710466666666656, 0.03258426666666665, 0.0, 0.08409720000000001, 0.046948066666666656, 0.0500077, 0.02736136666666667, 0.039390666666666664, 0.0527248, 0.029097500000000002, 0.04809203333333333, 0.01972076666666666, 0.03938856666666665, 0.04189313333333334, 0.05941053333333334], [0.04864036666666667, 0.05044363333333332, 0.036642633333333334, 0.022799433333333324, 0.04726533333333334, 0.04751060000000001, 0.0259404, 0.021858599999999995, 0.0436153, 0.04190496666666667, 0.04214770000000001, 0.0374492, 0.036498766666666654, 0.0183847, 0.01761113333333333, 0.03741273333333334, 0.023411133333333337, 0.030926466666666663, 0.023863366666666667, 0.0387533, 0.0440825, 0.0403255, 0.052082199999999995, 0.04473223333333333, 0.04965666666666666, 0.06256073333333334, 0.060560366666666664, 0.03127633333333333, 0.07339380000000001, 0.04020826666666667, 0.049125199999999994, 0.037842433333333335, 0.03989503333333332, 0.033371366666666666, 0.039251766666666674, 0.029288133333333338, 0.041262266666666665, 0.08409720000000001, 0.0, 0.03577323333333334, 0.04452093333333333, 0.029822833333333333, 0.0653040333333333, 0.04416799999999999, 0.032472433333333335, 0.0340471, 0.03925993333333335, 0.040683699999999996, 0.04539359999999999, 0.03763433333333333], [0.03724569999999999, 0.06281276666666666, 0.035681066666666664, 0.02867393333333334, 0.03265506666666667, 0.03905903333333334, 0.04057243333333334, 0.03819203333333333, 0.036863833333333325, 0.046054733333333334, 0.06089433333333334, 0.03610126666666667, 0.04340470000000001, 0.03720443333333333, 0.043289600000000004, 0.03777673333333333, 0.061104933333333326, 0.05758363333333333, 0.032280366666666664, 0.03144433333333333, 0.03505333333333333, 0.03346893333333334, 0.03340113333333333, 0.02933716666666667, 0.02992043333333333, 0.06721013333333332, 0.0305349, 0.03337773333333333, 0.03882036666666666, 0.05349983333333334, 0.029907833333333335, 0.07171733333333336, 0.034850233333333334, 0.03851156666666667, 0.030605800000000002, 0.04693626666666666, 0.0500097, 0.046948066666666656, 0.03577323333333334, 0.0, 0.04252706666666667, 0.03760736666666667, 0.031239199999999998, 0.04385856666666667, 0.05738663333333333, 0.02313463333333334, 0.05906833333333334, 0.02770133333333333, 0.0355147, 0.04060136666666667], [0.04941173333333334, 0.051244833333333344, 0.030430133333333335, 0.0445412, 0.03761779999999999, 0.03677729999999999, 0.06117740000000001, 0.03488703333333334, 0.04249206666666666, 0.025644866666666665, 0.030025633333333333, 0.0324101, 0.04204256666666666, 0.037744566666666673, 0.0427