[[0.0, 2.1718663000000005, 0.32408526666666665, 0.40397326666666666, 0.09942910000000002, 0.07955740000000001, 0.10188433333333335, 0.04838289999999999, 0.04468573333333333, 0.03628236666666667, 0.03673883333333333, 0.038720266666666676, 0.0357052, 0.03235126666666667, 0.03359576666666667, 0.03389806666666666, 0.02252023333333333, 0.0363609, 0.06464056666666669, 0.03073373333333334, 0.0318704, 0.0380629, 0.05243079999999999, 0.028208466666666664, 0.05180856666666667, 0.05476800000000001, 0.04442443333333333, 0.0377329, 0.03563126666666666, 0.04186240000000001, 0.0438119, 0.04229776666666667, 0.026384733333333334, 0.03536946666666667, 0.02360736666666666, 0.026786233333333336, 0.024449266666666674, 0.0345793, 0.03866966666666667, 0.03691833333333333, 0.031272900000000006, 0.032504333333333336, 0.024631333333333328, 0.02633656666666667, 0.033703199999999996, 0.03592100000000001, 0.060890833333333345, 0.0418322, 0.04215523333333333, 0.05104053333333334], [2.1718663000000005, 0.0, 0.31353196666666666, 0.38712006666666676, 0.05719166666666667, 0.04477103333333332, 0.057295166666666654, 0.040067700000000005, 0.032905800000000006, 0.041485633333333334, 0.044658666666666666, 0.04164646666666668, 0.04088116666666667, 0.03191306666666667, 0.036343999999999994, 0.03194846666666667, 0.023593666666666673, 0.03336496666666667, 0.05939703333333334, 0.026850000000000006, 0.02811276666666667, 0.03382446666666667, 0.04945453333333333, 0.024367599999999993, 0.04786613333333332, 0.0523976, 0.04577766666666667, 0.04100616666666667, 0.037786, 0.04249353333333333, 0.041582933333333336, 0.044275300000000004, 0.02931123333333333, 0.03854216666666668, 0.0264786, 0.02742463333333333, 0.02531486666666667, 0.039427266666666676, 0.046049400000000004, 0.0339779, 0.03331853333333334, 0.0298096, 0.027406633333333336, 0.02473346666666667, 0.035589566666666676, 0.04162506666666665, 0.05326583333333334, 0.042392966666666664, 0.03254216666666667, 0.045288633333333314], [0.32408526666666665, 0.31353196666666666, 0.0, 1.1672790666666668, 0.05480656666666666, 0.04758653333333333, 0.06980556666666667, 0.027849499999999996, 0.02270063333333333, 0.04759026666666667, 0.053361599999999995, 0.049433966666666655, 0.0341943, 0.03710483333333333, 0.046924433333333335, 0.04970146666666667, 0.03085946666666667, 0.0484113, 0.07490293333333335, 0.0377539, 0.03876920000000001, 0.036476699999999994, 0.051112699999999976, 0.04280273333333333, 0.035495000000000006, 0.04047143333333333, 0.033160433333333336, 0.03200540000000001, 0.04401083333333333, 0.04808653333333333, 0.049780700000000004, 0.0491793, 0.030981766666666674, 0.04251693333333333, 0.0401864, 0.043456333333333326, 0.03681713333333334, 0.0395921, 0.03755146666666667, 0.0286326, 0.03839876666666665, 0.04702023333333333, 0.045216633333333325, 0.05065046666666667, 0.026531066666666665, 0.026926766666666664, 0.0334365, 0.03973663333333335, 0.02386673333333333, 0.0317872], [0.40397326666666666, 0.38712006666666676, 1.1672790666666668, 0.0, 0.07309063333333332, 0.07384333333333333, 0.08802713333333334, 0.03262023333333333, 0.028297633333333336, 0.04485826666666667, 0.05384656666666666, 0.0548264, 0.04270766666666666, 0.05150923333333333, 0.0570444, 0.051502866666666675, 0.043849933333333334, 0.04568320000000002, 0.05322433333333334, 0.03755286666666667, 0.03336186666666666, 0.03673143333333332, 0.04789453333333335, 0.0297725, 0.031194200000000002, 0.0297983, 0.03079473333333333, 0.032356100000000006, 0.030587100000000002, 0.04205553333333333, 0.04002363333333333, 0.038958000000000007, 0.024313666666666657, 0.02790403333333333, 0.02863803333333333, 0.03318513333333333, 0.029549466666666666, 0.03832959999999999, 0.03872456666666666, 0.043539866666666656, 0.04705716666666668, 0.04147626666666667, 0.031857333333333335, 0.040656233333333326, 0.033301166666666666, 0.02345943333333334, 0.03632899999999999, 0.044381966666666654, 0.029419200000000003, 0.03573293333333334], [0.09942910000000002, 0.05719166666666667, 0.05480656666666666, 0.07309063333333332, 0.0, 0.9039434333333334, 0.49639730000000004, 0.0527415, 0.055803366666666666, 0.037422966666666654, 0.04629646666666667, 0.03387949999999999, 0.0438079, 0.040265633333333335, 0.03438096666666667, 0.05067883333333334, 0.039208033333333336, 0.05409973333333335, 0.06008040000000001, 0.03581879999999999, 0.047903933333333336, 0.03194489999999999, 0.05713623333333333, 0.03895366666666666, 0.04837860000000001, 0.049329633333333324, 0.05294613333333334, 0.0407866, 0.0348191, 0.04346023333333334, 0.06034396666666667, 0.0385696, 0.03908300000000001, 0.031447966666666674, 0.035839833333333335, 0.04032206666666665, 0.02791176666666667, 0.053207199999999996, 0.0544923, 0.04857796666666667, 0.036048000000000004, 0.051316400000000005, 0.03817833333333333, 0.035233466666666664, 0.02580296666666667, 0.027413199999999995, 0.02828373333333334, 0.03695493333333332, 0.03350303333333332, 0.027020966666666667], [0.07955740000000001, 0.04477103333333332, 0.04758653333333333, 0.07384333333333333, 0.9039434333333334, 0.0, 0.5207571666666667, 0.0508506, 0.042000566666666656, 0.0405772, 0.04475559999999999, 0.033864200000000004, 0.04049126666666667, 0.03946463333333334, 0.04420410000000001, 0.04670943333333333, 0.038809333333333335, 0.051670766666666666, 0.05464073333333334, 0.0347379, 0.0452273, 0.025691900000000004, 0.03891033333333334, 0.036721833333333335, 0.05800873333333333, 0.054497333333333335, 0.059264533333333334, 0.040107866666666665, 0.04115133333333333, 0.03951116666666667, 0.053040699999999996, 0.038336800000000004, 0.033160466666666666, 0.030999266666666667, 0.03081226666666667, 0.035794599999999996, 0.025430666666666657, 0.03463443333333332, 0.0397157, 0.0436975, 0.0376171, 0.05157866666666667, 0.044537766666666666, 0.0473485, 0.03249673333333333, 0.02973683333333334, 0.03155436666666667, 0.05039596666666669, 0.04573890000000001, 0.03013773333333333], [0.10188433333333335, 0.057295166666666654, 0.06980556666666667, 0.08802713333333334, 0.49639730000000004, 0.5207571666666667, 0.0, 0.07749066666666665, 0.09906253333333334, 0.1649226666666666, 0.17315713333333338, 0.16144090000000003, 0.10725516666666668, 0.09917143333333332, 0.031351233333333325, 0.03450973333333334, 0.030012733333333333, 0.040216900000000014, 0.049354100000000005, 0.03257446666666667, 0.03724466666666667, 0.038073533333333326, 0.04279193333333334, 0.030356166666666674, 0.04788793333333334, 0.04007296666666667, 0.03414983333333333, 0.03890366666666668, 0.02985013333333333, 0.023699933333333333, 0.026793333333333332, 0.0192981, 0.0219195, 0.02013746666666667, 0.02359906666666667, 0.026325033333333334, 0.030377766666666663, 0.042060433333333334, 0.022451533333333336, 0.0278927, 0.02157586666666667, 0.0347902, 0.0305826, 0.02175063333333334, 0.025434300000000003, 0.03490676666666667, 0.04144376666666667, 0.04390333333333332, 0.0439549, 0.04854303333333333], [0.04838289999999999, 0.040067700000000005, 0.027849499999999996, 0.03262023333333333, 0.0527415, 0.0508506, 0.07749066666666665, 0.0, 0.5422140333333331, 0.07401513333333333, 0.07288919999999999, 0.07025203333333334, 0.0531085, 0.06447736666666665, 0.04539629999999999, 0.03771363333333333, 0.04682476666666666, 0.049342566666666664, 0.046701266666666665, 0.05280886666666666, 0.0480571, 0.058354633333333336, 0.0554236, 0.05634523333333332, 0.03285426666666667, 0.03497169999999999, 0.04642096666666666, 0.03966403333333333, 0.04099396666666666, 0.0480298, 0.05853786666666667, 0.05769046666666666, 0.03331556666666667, 0.04232916666666666, 0.0477329, 0.052682799999999995, 0.0535735, 0.03570653333333334, 0.03553273333333333, 0.027170100000000003, 0.027837000000000004, 0.028216566666666665, 0.06746203333333335, 0.06283409999999999, 0.02923416666666667, 0.030253899999999997, 0.01838633333333333, 0.04775563333333334, 0.02621016666666667, 0.022535200000000005], [0.04468573333333333, 0.032905800000000006, 0.02270063333333333, 0.028297633333333336, 0.055803366666666666, 0.042000566666666656, 0.09906253333333334, 0.5422140333333331, 0.0, 0.14873630000000002, 0.1499310666666666, 0.16465186666666662, 0.10482260000000003, 0.12516070000000004, 0.050045733333333335, 0.0491367, 0.055215133333333326, 0.04297263333333335, 0.045206899999999994, 0.035903233333333326, 0.04339456666666667, 0.055518866666666666, 0.0318192, 0.0534117, 0.02944096666666667, 0.03383703333333333, 0.035787033333333336, 0.03764989999999999, 0.04069563333333334, 0.0308336, 0.03408393333333333, 0.03196913333333334, 0.0355212, 0.025646166666666664, 0.03781486666666666, 0.03855183333333333, 0.03264956666666667, 0.018904266666666666, 0.024617466666666667, 0.02448766666666666, 0.01812393333333333, 0.0339168, 0.03794196666666665, 0.04316506666666666, 0.03511670000000001, 0.034866433333333335, 0.025734100000000003, 0.03223113333333333, 0.028133533333333332, 0.027920433333333328], [0.03628236666666667, 0.041485633333333334, 0.04759026666666667, 0.04485826666666667, 0.037422966666666654, 0.0405772, 0.1649226666666666, 0.07401513333333333, 0.14873630000000002, 0.0, 1.4536566666666668, 0.8114706333333334, 0.15366520000000003, 0.15890086666666664, 0.05095989999999999, 0.04019949999999999, 0.04288293333333334, 0.03647776666666666, 0.043416866666666665, 0.04006973333333332, 0.04417153333333334, 0.047631466666666664, 0.05258866666666666, 0.047366833333333316, 0.05477873333333334, 0.049351933333333334, 0.04057113333333332, 0.0489698, 0.03664716666666667, 0.02014816666666667, 0.029235699999999996, 0.02654916666666667, 0.04594256666666666, 0.04440286666666666, 0.03320256666666667, 0.03401273333333333, 0.04283549999999999, 0.051602999999999996, 0.0394422, 0.027910700000000004, 0.03151273333333333, 0.018877066666666664, 0.03562346666666666, 0.03477026666666666, 0.04294933333333334, 0.030648433333333332, 0.03321333333333334, 0.028253600000000004, 0.0291104, 0.041147366666666664], [0.03673883333333333, 0.044658666666666666, 0.053361599999999995, 0.05384656666666666, 0.04629646666666667, 0.04475559999999999, 0.17315713333333338, 0.07288919999999999, 0.1499310666666666, 1.4536566666666668, 0.0, 0.9230471333333332, 0.14076033333333332, 0.15655146666666664, 0.05557376666666668, 0.04484023333333334, 0.04528963333333334, 0.028104666666666667, 0.04564523333333334, 0.031984533333333336, 0.033777400000000006, 0.04240696666666668, 0.05167246666666666, 0.049237166666666686, 0.0592103, 0.05388836666666666, 0.04972613333333334, 0.044142, 0.03187176666666667, 0.025508566666666663, 0.03533920000000001, 0.026695100000000003, 0.044074633333333335, 0.04245853333333334, 0.034997533333333324, 0.028870366666666668, 0.044857066666666674, 0.05512783333333332, 0.03800476666666666, 0.027394633333333335, 0.030441599999999992, 0.02695646666666667, 0.03362046666666667, 0.029323799999999997, 0.029502500000000004, 0.02003633333333334, 0.019532866666666666, 0.025535033333333332, 0.01864153333333333, 0.026176866666666666], [0.038720266666666676, 0.04164646666666668, 0.049433966666666655, 0.0548264, 0.03387949999999999, 0.033864200000000004, 0.16144090000000003, 0.07025203333333334, 0.16465186666666662, 0.8114706333333334, 0.9230471333333332, 0.0, 0.13064800000000001, 0.18154549999999997, 0.17630643333333335, 0.16531883333333336, 0.1557724, 0.07804553333333332, 0.09872766666666666, 0.027995233333333334, 0.050396366666666664, 0.044159266666666676, 0.04943240000000001, 0.041979999999999996, 0.04285119999999999, 0.03722970000000001, 0.04852789999999999, 0.04941583333333333, 0.04397286666666666, 0.029741866666666665, 0.03162483333333334, 0.029819299999999997, 0.04414763333333333, 0.039370033333333346, 0.03652726666666666, 0.028662800000000002, 0.051741199999999994, 0.053918733333333344, 0.040408766666666665, 0.037309266666666674, 0.04506646666666665, 0.03468043333333334, 0.038277633333333325, 0.03495443333333333, 0.029404233333333345, 0.020869166666666664, 0.030529099999999997, 0.03020696666666667, 0.03297903333333334, 0.03566006666666667], [0.0357052, 0.04088116666666667, 0.0341943, 0.04270766666666666, 0.0438079, 0.04049126666666667, 0.10725516666666668, 0.0531085, 0.10482260000000003, 0.15366520000000003, 0.14076033333333332, 0.13064800000000001, 0.0, 0.5886358000000002, 0.08679613333333334, 0.08098766666666667, 0.08137766666666665, 0.04617376666666667, 0.045395966666666655, 0.030574900000000006, 0.02810946666666667, 0.03586329999999999, 0.039086933333333324, 0.03014116666666667, 0.03620990000000001, 0.03593456666666667, 0.03228183333333334, 0.05376260000000001, 0.04819360000000001, 0.036569566666666664, 0.04141063333333333, 0.04551016666666666, 0.039129966666666675, 0.03612643333333333, 0.048116166666666675, 0.04380263333333334, 0.040540366666666675, 0.0558754, 0.050663033333333336, 0.03830866666666666, 0.043768600000000005, 0.045501533333333344, 0.04909006666666666, 0.05167756666666669, 0.04823963333333334, 0.04005423333333334, 0.035777166666666665, 0.03860416666666667, 0.030886800000000006, 0.03862853333333334], [0.03235126666666667, 0.03191306666666667, 0.03710483333333333, 0.05150923333333333, 0.040265633333333335, 0.03946463333333334, 0.09917143333333332, 0.06447736666666665, 0.12516070000000004, 0.15890086666666664, 0.15655146666666664, 0.18154549999999997, 0.5886358000000002, 0.0, 0.12412793333333333, 0.11361526666666666, 0.11510023333333334, 0.058233799999999995, 0.06170733333333334, 0.03244473333333333, 0.04432876666666667, 0.0331468, 0.03790403333333333, 0.03502243333333334, 0.03359963333333334, 0.04033283333333334, 0.04735296666666668, 0.06155076666666666, 0.0641776, 0.05313213333333334, 0.055785566666666654, 0.06049436666666667, 0.06265323333333334, 0.042346, 0.06123996666666666, 0.056313100000000005, 0.04087696666666667, 0.07092813333333332, 0.050371266666666664, 0.04485243333333333, 0.051070400000000016, 0.04248246666666667, 0.045177066666666654, 0.04083603333333334, 0.05594536666666667, 0.05029086666666668, 0.023954766666666655, 0.04110046666666667, 0.022247333333333327, 0.036027166666666666], [0.03359576666666667, 0.036343999999999994, 0.046924433333333335, 0.0570444, 0.03438096666666667, 0.04420410000000001, 0.031351233333333325, 0.04539629999999999, 0.050045733333333335, 0.05095989999999999, 0.05557376666666668, 0.17630643333333335, 0.08679613333333334, 0.12412793333333333, 0.0, 1.3537405999999998, 0.7801593666666666, 0.10223306666666669, 0.0968875, 0.0639893, 0.05294303333333333, 0.05144753333333333, 0.033966400000000015, 0.035926833333333345, 0.04354696666666668, 0.03803946666666667, 0.02827513333333333, 0.051611933333333325, 0.050045033333333336, 0.05061386666666667, 0.0394541, 0.05139809999999999, 0.05030733333333332, 0.0410105, 0.0398529, 0.030556200000000006, 0.060299799999999994, 0.03962626666666666, 0.05915920000000001, 0.04344736666666666, 0.0414133, 0.04328353333333334, 0.022031366666666663, 0.027266233333333334, 0.052563266666666664, 0.054043433333333335, 0.047645966666666664, 0.051744133333333345, 0.05460103333333334, 0.04942516666666666], [0.03389806666666666, 0.03194846666666667, 0.04970146666666667, 0.051502866666666675, 0.05067883333333334, 0.04670943333333333, 0.03450973333333334, 0.03771363333333333, 0.0491367, 0.04019949999999999, 0.04484023333333334, 0.16531883333333336, 0.08098766666666667, 0.11361526666666666, 1.3537405999999998, 0.0, 0.8068035666666669, 0.13472536666666665, 0.11017063333333332, 0.09054423333333332, 0.06021773333333334, 0.0561234, 0.03604380000000001, 0.026742466666666673, 0.04539346666666666, 0.04520829999999999, 0.033657433333333334, 0.040750999999999996, 0.05013876666666666, 0.0481412, 0.04151163333333333, 0.052082666666666666, 0.052520666666666674, 0.03865946666666667, 0.04137220000000001, 0.033757800000000004, 0.05851156666666665, 0.04339633333333334, 0.05395676666666668, 0.04365353333333333, 0.032947433333333324, 0.03978036666666666, 0.026690199999999997, 0.03382576666666666, 0.06639289999999999, 0.06926463333333335, 0.052107600000000004, 0.050859466666666645, 0.047418266666666674, 0.04721953333333333], [0.02252023333333333, 0.023593666666666673, 0.03085946666666667, 0.043849933333333334, 0.039208033333333336, 0.038809333333333335, 0.030012733333333333, 0.04682476666666666, 0.055215133333333326, 0.04288293333333334, 0.04528963333333334, 0.1557724, 0.08137766666666665, 0.11510023333333334, 0.7801593666666666, 0.8068035666666669, 0.0, 0.1254549666666667, 0.08330696666666666, 0.08620166666666666, 0.07482546666666667, 0.07296503333333333, 0.050910533333333334, 0.06103606666666666, 0.04253246666666667, 0.05050953333333334, 0.04644876666666667, 0.047876566666666676, 0.045048066666666664, 0.0392651, 0.030912866666666667, 0.04590113333333334, 0.04314116666666667, 0.053500233333333334, 0.028225300000000002, 0.036618700000000004, 0.04270143333333334, 0.041304766666666666, 0.03646183333333333, 0.048090133333333326, 0.051158833333333334, 0.04566800000000001, 0.036924366666666666, 0.037402733333333334, 0.05902856666666668, 0.05787673333333333, 0.0432684, 0.04707686666666668, 0.04202383333333334, 0.045925499999999994], [0.0363609, 0.03336496666666667, 0.0484113, 0.04568320000000002, 0.05409973333333335, 0.051670766666666666, 0.040216900000000014, 0.049342566666666664, 0.04297263333333335, 0.03647776666666666, 0.028104666666666667, 0.07804553333333332, 0.04617376666666667, 0.058233799999999995, 0.10223306666666669, 0.13472536666666665, 0.1254549666666667, 0.0, 0.5116731000000001, 0.06185663333333333, 0.05541743333333333, 0.06013269999999999, 0.031478700000000005, 0.038588500000000005, 0.03370569999999999, 0.03310166666666667, 0.031209399999999995, 0.029667333333333337, 0.03344543333333333, 0.037554866666666666, 0.045032899999999994, 0.0348288, 0.04351066666666666, 0.044243566666666664, 0.04089836666666667, 0.044852466666666674, 0.04207240000000001, 0.034613200000000004, 0.04045653333333333, 0.028407899999999996, 0.036283699999999995, 0.04984103333333335, 0.02979706666666667, 0.038817433333333325, 0.046923800000000015, 0.0630303, 0.0596114, 0.04158506666666668, 0.041860999999999995, 0.04887593333333333], [0.06464056666666669, 0.05939703333333334, 0.07490293333333335, 0.05322433333333334, 0.06008040000000001, 0.05464073333333334, 0.049354100000000005, 0.046701266666666665, 0.045206899999999994, 0.043416866666666665, 0.04564523333333334, 0.09872766666666666, 0.045395966666666655, 0.06170733333333334, 0.0968875, 0.11017063333333332, 0.08330696666666666, 0.5116731000000001, 0.0, 0.0361727, 0.048387233333333335, 0.05425763333333334, 0.053438166666666675, 0.06097116666666665, 0.041333633333333335, 0.03437843333333334, 0.044678566666666655, 0.025196, 0.02778886666666667, 0.0352985, 0.03250513333333333, 0.033539766666666665, 0.04170106666666667, 0.04460136666666666, 0.03859133333333333, 0.03649856666666667, 0.03667596666666666, 0.0429214, 0.03378779999999999, 0.021577333333333337, 0.023966866666666673, 0.04125140000000001, 0.028986700000000004, 0.041958733333333324, 0.045238399999999984, 0.031711133333333336, 0.047420666666666667, 0.040882066666666675, 0.032223866666666656, 0.037602466666666674], [0.03073373333333334, 0.026850000000000006, 0.0377539, 0.03755286666666667, 0.03581879999999999, 0.0347379, 0.03257446666666667, 0.05280886666666666, 0.035903233333333326, 0.04006973333333332, 0.031984533333333336, 0.027995233333333334, 0.030574900000000006, 0.03244473333333333, 0.0639893, 0.09054423333333332, 0.08620166666666666, 0.06185663333333333, 0.0361727, 0.0, 0.8652194000000001, 0.5146135666666666, 0.09875046666666673, 0.07426813333333333, 0.036462833333333326, 0.04043033333333334, 0.03941503333333333, 0.032515666666666665, 0.03886256666666667, 0.02948366666666666, 0.02951536666666667, 0.02062483333333334, 0.05506623333333333, 0.05168706666666666, 0.04725703333333333, 0.054173633333333325, 0.04650040000000001, 0.031845700000000005, 0.04206959999999999, 0.04227130000000001, 0.045814766666666666, 0.03940609999999999, 0.036247633333333334, 0.04697216666666665, 0.04852283333333333, 0.0403158, 0.0423353, 0.05405826666666669, 0.05387403333333333, 0.044272766666666664], [0.0318704, 0.02811276666666667, 0.03876920000000001, 0.03336186666666666, 0.047903933333333336, 0.0452273, 0.03724466666666667, 0.0480571, 0.04339456666666667, 0.04417153333333334, 0.033777400000000006, 0.050396366666666664, 0.02810946666666667, 0.04432876666666667, 0.05294303333333333, 0.06021773333333334, 0.07482546666666667, 0.05541743333333333, 0.048387233333333335, 0.8652194000000001, 0.0, 0.5391067333333334, 0.08676206666666667, 0.07297466666666665, 0.04468503333333333, 0.059454999999999994, 0.05530003333333334, 0.04084536666666667, 0.03819896666666667, 0.046914133333333344, 0.04716443333333334, 0.038871833333333335, 0.0413099, 0.02524376666666666, 0.04648546666666666, 0.0494508, 0.03470906666666667, 0.04068240000000001, 0.04636430000000001, 0.03701136666666666, 0.0371714, 0.039205466666666675, 0.02993443333333333, 0.03622686666666666, 0.04654496666666667, 0.037342933333333335, 0.03392320000000001, 0.05077346666666666, 0.03604796666666667, 0.03738673333333333], [0.0380629, 0.03382446666666667, 0.036476699999999994, 0.03673143333333332, 0.03194489999999999, 0.025691900000000004, 0.038073533333333326, 0.058354633333333336, 0.055518866666666666, 0.047631466666666664, 0.04240696666666668, 0.044159266666666676, 0.03586329999999999, 0.0331468, 0.05144753333333333, 0.0561234, 0.07296503333333333, 0.06013269999999999, 0.05425763333333334, 0.5146135666666666, 0.5391067333333334, 0.0, 0.08967223333333336, 0.12450249999999999, 0.14967983333333335, 0.1498393666666667, 0.13901696666666669, 0.057051066666666685, 0.07771316666666667, 0.04729026666666667, 0.049147933333333324, 0.047854733333333344, 0.03209056666666666, 0.031027200000000005, 0.04552310000000001, 0.035906966666666665, 0.040380299999999994, 0.030043499999999997, 0.03277363333333332, 0.0218128, 0.02155646666666667, 0.020044999999999993, 0.03813479999999999, 0.0352566, 0.045900100000000006, 0.03362223333333333, 0.03626003333333333, 0.03628346666666666, 0.03884386666666668, 0.0381077], [0.05243079999999999, 0.04945453333333333, 0.051112699999999976, 0.04789453333333335, 0.05713623333333333, 0.03891033333333334, 0.04279193333333334, 0.0554236, 0.0318192, 0.05258866666666666, 0.05167246666666666, 0.04943240000000001, 0.039086933333333324, 0.03790403333333333, 0.033966400000000015, 0.03604380000000001, 0.050910533333333334, 0.031478700000000005, 0.053438166666666675, 0.09875046666666673, 0.08676206666666667, 0.08967223333333336, 0.0, 0.39937929999999994, 0.07474610000000001, 0.09590346666666666, 0.07516293333333332, 0.04285533333333333, 0.032264433333333335, 0.04062, 0.034923199999999995, 0.030680266666666667, 0.041711966666666656, 0.04391436666666667, 0.02746170000000001, 0.03875186666666667, 0.038583233333333335, 0.03115826666666667, 0.04427886666666666, 0.03731289999999999, 0.04485569999999999, 0.04586923333333332, 0.047121100000000006, 0.029790566666666664, 0.04676276666666668, 0.03841546666666667, 0.040354900000000006, 0.04454963333333333, 0.041187166666666664, 0.03095746666666666], [0.028208466666666664, 0.024367599999999993, 0.04280273333333333, 0.0297725, 0.03895366666666666, 0.036721833333333335, 0.030356166666666674, 0.05634523333333332, 0.0534117, 0.047366833333333316, 0.049237166666666686, 0.041979999999999996, 0.03014116666666667, 0.03502243333333334, 0.035926833333333345, 0.026742466666666673, 0.06103606666666666, 0.038588500000000005, 0.06097116666666665, 0.07426813333333333, 0.07297466666666665, 0.12450249999999999, 0.39937929999999994, 0.0, 0.1358453, 0.1623991666666667, 0.12804396666666665, 0.06204850000000001, 0.05840709999999998, 0.0766104, 0.08080363333333333, 0.0660395, 0.034461766666666664, 0.053608199999999995, 0.03656486666666667, 0.04325460000000001, 0.033821033333333334, 0.01983923333333333, 0.023847999999999998, 0.02272983333333333, 0.036957899999999995, 0.05325456666666666, 0.050317900000000006, 0.04406286666666668, 0.05322293333333333, 0.04543063333333334, 0.049551300000000006, 0.04649626666666667, 0.04644886666666667, 0.06024856666666666], [0.05180856666666667, 0.04786613333333332, 0.035495000000000006, 0.031194200000000002, 0.04837860000000001, 0.05800873333333333, 0.04788793333333334, 0.03285426666666667, 0.02944096666666667, 0.05477873333333334, 0.0592103, 0.04285119999999999, 0.03620990000000001, 0.03359963333333334, 0.04354696666666668, 0.04539346666666666, 0.04253246666666667, 0.03370569999999999, 0.041333633333333335, 0.036462833333333326, 0.04468503333333333, 0.14967983333333335, 0.07474610000000001, 0.1358453, 0.0, 1.3437245666666668, 0.7153024666666667, 0.08737413333333331, 0.07142186666666665, 0.05188189999999999, 0.0528448, 0.056628566666666644, 0.04431053333333333, 0.05969876666666666, 0.045288366666666656, 0.03874633333333335, 0.05350066666666667, 0.04559663333333333, 0.04282553333333333, 0.034086300000000014, 0.025379400000000003, 0.027928933333333333, 0.046496733333333325, 0.03616423333333334, 0.056913666666666675, 0.034632133333333336, 0.02483313333333333, 0.0300602, 0.03168583333333333, 0.03254236666666666], [0.05476800000000001, 0.0523976, 0.04047143333333333, 0.0297983, 0.049329633333333324, 0.054497333333333335, 0.04007296666666667, 0.03497169999999999, 0.03383703333333333, 0.049351933333333334, 0.05388836666666666, 0.03722970000000001, 0.03593456666666667, 0.04033283333333334, 0.03803946666666667, 0.04520829999999999, 0.05050953333333334, 0.03310166666666667, 0.03437843333333334, 0.04043033333333334, 0.059454999999999994, 0.1498393666666667, 0.09590346666666666, 0.1623991666666667, 1.3437245666666668, 0.0, 0.7607142000000003, 0.0908255, 0.0679674, 0.05030743333333334, 0.050999933333333344, 0.05496799999999999, 0.04347033333333334, 0.05795779999999999, 0.033674833333333334, 0.03056303333333334, 0.0479665, 0.04045013333333333, 0.04210896666666668, 0.04477296666666665, 0.03239266666666667, 0.0407357, 0.04358433333333334, 0.0328116, 0.06285493333333335, 0.03537556666666667, 0.0218561, 0.04103509999999999, 0.0275161, 0.038606366666666676], [0.04442443333333333, 0.04577766666666667, 0.033160433333333336, 0.03079473333333333, 0.05294613333333334, 0.059264533333333334, 0.03414983333333333, 0.04642096666666666, 0.035787033333333336, 0.04057113333333332, 0.04972613333333334, 0.04852789999999999, 0.03228183333333334, 0.04735296666666668, 0.02827513333333333, 0.033657433333333334, 0.04644876666666667, 0.031209399999999995, 0.044678566666666655, 0.03941503333333333, 0.05530003333333334, 0.13901696666666669, 0.07516293333333332, 0.12804396666666665, 0.7153024666666667, 0.7607142000000003, 0.0, 0.1042118, 0.07759819999999999, 0.23077073333333334, 0.22274339999999992, 0.20499516666666664, 0.059996233333333336, 0.10225943333333334, 0.06675790000000002, 0.0705004, 0.06931296666666667, 0.08108026666666666, 0.077709, 0.04826686666666666, 0.029876066666666663, 0.031477066666666664, 0.049932700000000003, 0.03713883333333333, 0.048207099999999996, 0.035000866666666665, 0.030181699999999995, 0.045249099999999993, 0.04071696666666667, 0.044779866666666675], [0.0377329, 0.04100616666666667, 0.03200540000000001, 0.032356100000000006, 0.0407866, 0.040107866666666665, 0.03890366666666668, 0.03966403333333333, 0.03764989999999999, 0.0489698, 0.044142, 0.04941583333333333, 0.05376260000000001, 0.06155076666666666, 0.051611933333333325, 0.040750999999999996, 0.047876566666666676, 0.029667333333333337, 0.025196, 0.032515666666666665, 0.04084536666666667, 0.057051066666666685, 0.04285533333333333, 0.06204850000000001, 0.08737413333333331, 0.0908255, 0.1042118, 0.0, 0.4583674666666667, 0.10876503333333334, 0.10857123333333334, 0.10491813333333332, 0.06919660000000002, 0.08200903333333334, 0.04689096666666666, 0.05117343333333334, 0.04193553333333333, 0.05522246666666668, 0.04236063333333333, 0.05192256666666668, 0.043066366666666675, 0.036456899999999993, 0.03758226666666667, 0.033729633333333335, 0.033797233333333336, 0.03067976666666667, 0.034423133333333335, 0.03830163333333333, 0.0396534, 0.032539200000000004], [0.03563126666666666, 0.037786, 0.04401083333333333, 0.030587100000000002, 0.0348191, 0.04115133333333333, 0.02985013333333333, 0.04099396666666666, 0.04069563333333334, 0.03664716666666667, 0.03187176666666667, 0.04397286666666666, 0.04819360000000001, 0.0641776, 0.050045033333333336, 0.05013876666666666, 0.045048066666666664, 0.03344543333333333, 0.02778886666666667, 0.03886256666666667, 0.03819896666666667, 0.07771316666666667, 0.032264433333333335, 0.05840709999999998, 0.07142186666666665, 0.0679674, 0.07759819999999999, 0.4583674666666667, 0.0, 0.07186656666666666, 0.06764733333333332, 0.07159493333333335, 0.062354900000000005, 0.06776623333333333, 0.05321320000000001, 0.059312300000000005, 0.04713153333333332, 0.04483663333333335, 0.04811460000000001, 0.05790663333333334, 0.06161916666666666, 0.042863433333333346, 0.027963966666666666, 0.029610800000000003, 0.027432200000000004, 0.027084466666666668, 0.05449826666666666, 0.04378426666666668, 0.036685499999999996, 0.05306736666666667], [0.04186240000000001, 0.04249353333333333, 0.04808653333333333, 0.04205553333333333, 0.04346023333333334, 0.03951116666666667, 0.023699933333333333, 0.0480298, 0.0308336, 0.02014816666666667, 0.025508566666666663, 0.029741866666666665, 0.036569566666666664, 0.05313213333333334, 0.05061386666666667, 0.0481412, 0.0392651, 0.037554866666666666, 0.0352985, 0.02948366666666666, 0.046914133333333344, 0.04729026666666667, 0.04062, 0.0766104, 0.05188189999999999, 0.05030743333333334, 0.23077073333333334, 0.10876503333333334, 0.07186656666666666, 0.0, 1.7067832000000005, 1.0154209666666665, 0.0966548, 0.16168773333333333, 0.13029113333333334, 0.13891203333333335, 0.1299494333333333, 0.09862816666666666, 0.09291669999999999, 0.0331566, 0.0355726, 0.024734533333333333, 0.04715420000000001, 0.03966999999999999, 0.040975066666666664, 0.035927, 0.05114446666666666, 0.04062046666666667, 0.043838666666666665, 0.04795073333333334], [0.0438119, 0.041582933333333336, 0.049780700000000004, 0.04002363333333333, 0.06034396666666667, 0.053040699999999996, 0.026793333333333332, 0.05853786666666667, 0.03408393333333333, 0.029235699999999996, 0.03533920000000001, 0.03162483333333334, 0.04141063333333333, 0.055785566666666654, 0.0394541, 0.04151163333333333, 0.030912866666666667, 0.045032899999999994, 0.03250513333333333, 0.02951536666666667, 0.04716443333333334, 0.049147933333333324, 0.034923199999999995, 0.08080363333333333, 0.0528448, 0.050999933333333344, 0.22274339999999992, 0.10857123333333334, 0.06764733333333332, 1.7067832000000005, 0.0, 1.0881850666666666, 0.09877153333333334, 0.16119020000000003, 0.1336997, 0.13488113333333338, 0.13242226666666668, 0.08939930000000001, 0.08351589999999999, 0.029811899999999995, 0.02822996666666667, 0.029298433333333335, 0.04498100000000001, 0.0393572, 0.033924499999999996, 0.031119700000000004, 0.06145813333333333, 0.03904263333333333, 0.0600529, 0.05749473333333334], [0.04229776666666667, 0.044275300000000004, 0.0491793, 0.038958000000000007, 0.0385696, 0.038336800000000004, 0.0192981, 0.05769046666666666, 0.03196913333333334, 0.02654916666666667, 0.026695100000000003, 0.029819299999999997, 0.04551016666666666, 0.06049436666666667, 0.05139809999999999, 0.052082666666666666, 0.04590113333333334, 0.0348288, 0.033539766666666665, 0.02062483333333334, 0.038871833333333335, 0.047854733333333344, 0.030680266666666667, 0.0660395, 0.056628566666666644, 0.05496799999999999, 0.20499516666666664, 0.10491813333333332, 0.07159493333333335, 1.0154209666666665, 1.0881850666666666, 0.0, 0.11416236666666663, 0.18282673333333338, 0.1958435, 0.20194206666666664, 0.19498763333333327, 0.1347898, 0.12870583333333332, 0.03025576666666667, 0.03385609999999999, 0.024510100000000003, 0.0382792, 0.05071423333333334, 0.028031799999999996, 0.0349444, 0.05048116666666667, 0.04396886666666667, 0.04342623333333334, 0.050064500000000005], [0.026384733333333334, 0.02931123333333333, 0.030981766666666674, 0.024313666666666657, 0.03908300000000001, 0.033160466666666666, 0.0219195, 0.03331556666666667, 0.0355212, 0.04594256666666666, 0.044074633333333335, 0.04414763333333333, 0.039129966666666675, 0.06265323333333334, 0.05030733333333332, 0.052520666666666674, 0.04314116666666667, 0.04351066666666666, 0.04170106666666667, 0.05506623333333333, 0.0413099, 0.03209056666666666, 0.041711966666666656, 0.034461766666666664, 0.04431053333333333, 0.04347033333333334, 0.059996233333333336, 0.06919660000000002, 0.062354900000000005, 0.0966548, 0.09877153333333334, 0.11416236666666663, 0.0, 0.5889094666666667, 0.11057333333333332, 0.11254356666666666, 0.10489256666666667, 0.07837589999999998, 0.08319566666666665, 0.06944679999999999, 0.04514239999999999, 0.04958803333333334, 0.05748160000000001, 0.05455733333333332, 0.03693473333333334, 0.047678500000000006, 0.03436203333333334, 0.029192133333333335, 0.025107133333333337, 0.03935406666666667], [0.03536946666666667, 0.03854216666666668, 0.04251693333333333, 0.02790403333333333, 0.031447966666666674, 0.030999266666666667, 0.02013746666666667, 0.04232916666666666, 0.025646166666666664, 0.04440286666666666, 0.04245853333333334, 0.039370033333333346, 0.03612643333333333, 0.042346, 0.0410105, 0.03865946666666667, 0.053500233333333334, 0.044243566666666664, 0.04460136666666666, 0.05168706666666666, 0.02524376666666666, 0.031027200000000005, 0.04391436666666667, 0.053608199999999995, 0.05969876666666666, 0.05795779999999999, 0.10225943333333334, 0.08200903333333334, 0.06776623333333333, 0.16168773333333333, 0.16119020000000003, 0.18282673333333338, 0.5889094666666667, 0.0, 0.20595616666666663, 0.2102006666666667, 0.21507673333333335, 0.13621910000000007, 0.1470323, 0.06708023333333334, 0.046179733333333334, 0.0391253, 0.05061279999999999, 0.07387076666666666, 0.029437, 0.03997553333333333, 0.027510566666666667, 0.02047406666666667, 0.018073000000000002, 0.02527219999999999], [0.02360736666666666, 0.0264786, 0.0401864, 0.02863803333333333, 0.035839833333333335, 0.03081226666666667, 0.02359906666666667, 0.0477329, 0.03781486666666666, 0.03320256666666667, 0.034997533333333324, 0.03652726666666666, 0.048116166666666675, 0.06123996666666666, 0.0398529, 0.04137220000000001, 0.028225300000000002, 0.04089836666666667, 0.03859133333333333, 0.04725703333333333, 0.04648546666666666, 0.04552310000000001, 0.02746170000000001, 0.03656486666666667, 0.045288366666666656, 0.033674833333333334, 0.06675790000000002, 0.04689096666666666, 0.05321320000000001, 0.13029113333333334, 0.1336997, 0.1958435, 0.11057333333333332, 0.20595616666666663, 0.0, 1.5909091333333336, 0.9381434, 0.19749463333333342, 0.2282297, 0.057194633333333335, 0.05015376666666668, 0.04711793333333334, 0.04405593333333333, 0.056392266666666656, 0.030706766666666666, 0.037408399999999994, 0.034055433333333336, 0.040071699999999995, 0.025933500000000005, 0.0307131], [0.026786233333333336, 0.02742463333333333, 0.043456333333333326, 0.03318513333333333, 0.04032206666666665, 0.035794599999999996, 0.026325033333333334, 0.052682799999999995, 0.03855183333333333, 0.03401273333333333, 0.028870366666666668, 0.028662800000000002, 0.04380263333333334, 0.056313100000000005, 0.030556200000000006, 0.033757800000000004, 0.036618700000000004, 0.044852466666666674, 0.03649856666666667, 0.054173633333333325, 0.0494508, 0.035906966666666665, 0.03875186666666667, 0.04325460000000001, 0.03874633333333335, 0.03056303333333334, 0.0705004, 0.05117343333333334, 0.059312300000000005, 0.13891203333333335, 0.13488113333333338, 0.20194206666666664, 0.11254356666666666, 0.2102006666666667, 1.5909091333333336, 0.0, 1.0496449333333333, 0.1981398, 0.21848163333333334, 0.061261233333333324, 0.049870300000000006, 0.044584933333333326, 0.06612680000000001, 0.07274490000000002, 0.035581166666666664, 0.03665363333333334, 0.03339706666666667, 0.029498433333333327, 0.02488176666666667, 0.028734533333333326], [0.024449266666666674, 0.02531486666666667, 0.03681713333333334, 0.029549466666666666, 0.02791176666666667, 0.025430666666666657, 0.030377766666666663, 0.0535735, 0.03264956666666667, 0.04283549999999999, 0.044857066666666674, 0.051741199999999994, 0.040540366666666675, 0.04087696666666667, 0.060299799999999994, 0.05851156666666665, 0.04270143333333334, 0.04207240000000001, 0.03667596666666666, 0.04650040000000001, 0.03470906666666667, 0.040380299999999994, 0.038583233333333335, 0.033821033333333334, 0.05350066666666667, 0.0479665, 0.06931296666666667, 0.04193553333333333, 0.04713153333333332, 0.1299494333333333, 0.13242226666666668, 0.19498763333333327, 0.10489256666666667, 0.21507673333333335, 0.9381434, 1.0496449333333333, 0.0, 0.20820183333333334, 0.2221319666666666, 0.12506043333333333, 0.10667896666666667, 0.10261316666666669, 0.08223876666666667, 0.08395523333333331, 0.04909596666666666, 0.03537886666666667, 0.036070066666666664, 0.04244116666666666, 0.033272366666666664, 0.03135346666666666], [0.0345793, 0.039427266666666676, 0.0395921, 0.03832959999999999, 0.053207199999999996, 0.03463443333333332, 0.042060433333333334, 0.03570653333333334, 0.018904266666666666, 0.051602999999999996, 0.05512783333333332, 0.053918733333333344, 0.0558754, 0.07092813333333332, 0.03962626666666666, 0.04339633333333334, 0.041304766666666666, 0.034613200000000004, 0.0429214, 0.031845700000000005, 0.04068240000000001, 0.030043499999999997, 0.03115826666666667, 0.01983923333333333, 0.04559663333333333, 0.04045013333333333, 0.08108026666666666, 0.05522246666666668, 0.04483663333333335, 0.09862816666666666, 0.08939930000000001, 0.1347898, 0.07837589999999998, 0.13621910000000007, 0.19749463333333342, 0.1981398, 0.20820183333333334, 0.0, 0.8281619333333335, 0.06517403333333334, 0.04104863333333333, 0.04196266666666667, 0.03844969999999999, 0.03199443333333333, 0.03734083333333332, 0.03218306666666666, 0.04410163333333332, 0.039695100000000004, 0.04096736666666666, 0.048983466666666656], [0.03866966666666667, 0.046049400000000004, 0.03755146666666667, 0.03872456666666666, 0.0544923, 0.0397157, 0.022451533333333336, 0.03553273333333333, 0.024617466666666667, 0.0394422, 0.03800476666666666, 0.040408766666666665, 0.050663033333333336, 0.050371266666666664, 0.05915920000000001, 0.05395676666666668, 0.03646183333333333, 0.04045653333333333, 0.03378779999999999, 0.04206959999999999, 0.04636430000000001, 0.03277363333333332, 0.04427886666666666, 0.023847999999999998, 0.04282553333333333, 0.04210896666666668, 0.077709, 0.04236063333333333, 0.04811460000000001, 0.09291669999999999, 0.08351589999999999, 0.12870583333333332, 0.08319566666666665, 0.1470323, 0.2282297, 0.21848163333333334, 0.2221319666666666, 0.8281619333333335, 0.0, 0.11650903333333333, 0.10680003333333335, 0.09286196666666664, 0.04688093333333333, 0.03901480000000001, 0.04308066666666666, 0.03184833333333333, 0.0403097, 0.03933773333333333, 0.03569323333333333, 0.041405833333333336], [0.03691833333333333, 0.0339779, 0.0286326, 0.043539866666666656, 0.04857796666666667, 0.0436975, 0.0278927, 0.027170100000000003, 0.02448766666666666, 0.027910700000000004, 0.027394633333333335, 0.037309266666666674, 0.03830866666666666, 0.04485243333333333, 0.04344736666666666, 0.04365353333333333, 0.048090133333333326, 0.028407899999999996, 0.021577333333333337, 0.04227130000000001, 0.03701136666666666, 0.0218128, 0.03731289999999999, 0.02272983333333333, 0.034086300000000014, 0.04477296666666665, 0.04826686666666666, 0.05192256666666668, 0.05790663333333334, 0.0331566, 0.029811899999999995, 0.03025576666666667, 0.06944679999999999, 0.06708023333333334, 0.057194633333333335, 0.061261233333333324, 0.12506043333333333, 0.06517403333333334, 0.11650903333333333, 0.0, 1.335320766666667, 0.8324907666666668, 0.11102910000000002, 0.09537910000000001, 0.056699833333333324, 0.03360916666666666, 0.03900769999999999, 0.030068499999999995, 0.04788226666666667, 0.043630100000000005], [0.031272900000000006, 0.03331853333333334, 0.03839876666666665, 0.04705716666666668, 0.036048000000000004, 0.0376171, 0.02157586666666667, 0.027837000000000004, 0.01812393333333333, 0.03151273333333333, 0.030441599999999992, 0.04506646666666665, 0.043768600000000005, 0.051070400000000016, 0.0414133, 0.032