[[0.0, 0.029738766666666666, 0.0327758, 0.03736173333333335, 0.025543200000000002, 0.0441123, 0.030657766666666666, 0.051252100000000016, 0.0402343, 0.04664213333333333, 0.023861000000000007, 0.0311854, 0.027130366666666662, 0.02984613333333333, 0.027798133333333336, 0.03935620000000001, 0.028682666666666665, 0.03833963333333333, 0.04102246666666666, 0.027094166666666666, 0.033389533333333325, 0.030882166666666672, 0.035015399999999995, 0.03387373333333333, 0.04159306666666667, 0.03414869999999999, 0.02870323333333333, 0.027557366666666663, 0.029652099999999994, 0.036558066666666666, 0.03562533333333333, 0.018737833333333332, 0.0328611, 0.023146366666666668, 0.05556566666666666, 0.04493763333333334, 0.052168333333333344, 0.025273333333333325, 0.035589733333333325, 0.028509966666666664, 0.035657966666666666, 0.02950316666666667, 0.02980776666666667, 0.04117116666666667, 0.031824533333333335, 0.03323163333333334, 0.01965926666666666, 0.031577933333333336, 0.030297266666666666, 0.05256853333333333], [0.029738766666666666, 0.0, 0.035817166666666664, 0.027976900000000006, 0.039044, 0.025385899999999996, 0.022184366666666663, 0.035829766666666665, 0.026345633333333333, 0.033913700000000005, 0.029769366666666658, 0.045360366666666666, 0.025376799999999995, 0.03270166666666667, 0.04887666666666666, 0.037230100000000016, 0.03894966666666667, 0.03568099999999999, 0.047690866666666665, 0.03914486666666666, 0.03447943333333334, 0.05122826666666667, 0.04072886666666667, 0.0288723, 0.024033133333333335, 0.04114593333333334, 0.027000200000000002, 0.041114099999999994, 0.028793300000000004, 0.020694833333333336, 0.018161966666666668, 0.04175096666666667, 0.039126, 0.027244066666666664, 0.057624566666666675, 0.03910876666666665, 0.03983433333333333, 0.034373100000000004, 0.0344278, 0.022366366666666665, 0.026749733333333334, 0.042947333333333323, 0.036867766666666676, 0.03202933333333334, 0.025501199999999995, 0.05273476666666667, 0.03593333333333333, 0.030243866666666664, 0.03954263333333333, 0.030107000000000002], [0.0327758, 0.035817166666666664, 0.0, 0.032330033333333334, 0.02746193333333333, 0.028390399999999993, 0.029112599999999995, 0.03719263333333333, 0.04383366666666668, 0.0525308, 0.023396366666666668, 0.03394193333333334, 0.04360646666666667, 0.04569893333333334, 0.03451959999999999, 0.040240000000000005, 0.041545200000000004, 0.0386328, 0.028735233333333332, 0.029317399999999997, 0.04815503333333332, 0.024456333333333337, 0.045173033333333334, 0.030771433333333324, 0.046797366666666666, 0.031375733333333336, 0.029380266666666672, 0.028963999999999997, 0.020030933333333334, 0.03152943333333333, 0.0320217, 0.02617826666666667, 0.024114966666666668, 0.021396800000000004, 0.023856899999999993, 0.045723233333333335, 0.048863799999999985, 0.025904333333333338, 0.030108399999999997, 0.03520763333333333, 0.035431899999999995, 0.041376833333333335, 0.0330927, 0.03322176666666666, 0.05011896666666667, 0.031017966666666667, 0.026363266666666663, 0.03608613333333334, 0.03242613333333333, 0.03780453333333333], [0.03736173333333335, 0.027976900000000006, 0.032330033333333334, 0.0, 0.02716103333333333, 0.020298966666666668, 0.0408404, 0.05017863333333333, 0.04808369999999999, 0.04342973333333334, 0.029390633333333332, 0.022323000000000003, 0.0242046, 0.03853146666666667, 0.025313000000000002, 0.0420112, 0.026684833333333338, 0.02194753333333333, 0.0298176, 0.03217246666666666, 0.0475925, 0.035098966666666676, 0.025873966666666668, 0.02310133333333334, 0.0362036, 0.037859366666666665, 0.022260166666666664, 0.022824799999999996, 0.038367233333333334, 0.042833899999999994, 0.028611200000000003, 0.041067799999999995, 0.0355089, 0.04113816666666668, 0.02419883333333334, 0.02982173333333333, 0.029320366666666667, 0.022624533333333335, 0.034103266666666666, 0.03785613333333333, 0.029038766666666663, 0.047123200000000004, 0.0340221, 0.025675266666666665, 0.0401139, 0.031746399999999994, 0.0278959, 0.02400746666666667, 0.01782693333333333, 0.052639533333333335], [0.025543200000000002, 0.039044, 0.02746193333333333, 0.02716103333333333, 0.0, 0.0330763, 0.037521333333333316, 0.04577776666666667, 0.026770099999999998, 0.043240333333333346, 0.035785966666666676, 0.03016296666666666, 0.03825876666666666, 0.033177766666666664, 0.0341695, 0.0312959, 0.039911433333333336, 0.020773800000000005, 0.03571269999999999, 0.0267651, 0.022060966666666668, 0.042220266666666666, 0.024830199999999997, 0.024839033333333337, 0.04512193333333333, 0.03912803333333333, 0.044285433333333304, 0.038028233333333335, 0.04671936666666667, 0.025532166666666665, 0.02883666666666667, 0.02170553333333334, 0.03638533333333332, 0.03438823333333334, 0.03978706666666666, 0.0357085, 0.03183723333333332, 0.02358436666666667, 0.04764069999999999, 0.028355699999999998, 0.031981366666666664, 0.02958886666666667, 0.018209533333333337, 0.031009666666666668, 0.027712166666666673, 0.039607833333333335, 0.029000866666666663, 0.035332666666666665, 0.039338000000000005, 0.0289378], [0.0441123, 0.025385899999999996, 0.028390399999999993, 0.020298966666666668, 0.0330763, 0.0, 0.04512893333333334, 0.03586093333333334, 0.03031273333333333, 0.02467286666666667, 0.0322877, 0.043076399999999994, 0.025121233333333336, 0.03943686666666666, 0.022977499999999998, 0.03442323333333334, 0.06154943333333334, 0.0563153, 0.03191973333333333, 0.025499566666666668, 0.02472493333333333, 0.042308, 0.022213399999999998, 0.03123413333333333, 0.029670166666666668, 0.0333672, 0.02789276666666667, 0.031165666666666664, 0.0290209, 0.02835583333333333, 0.012498500000000001, 0.04077496666666667, 0.038736566666666666, 0.022311666666666667, 0.04617269999999999, 0.03651870000000001, 0.03339576666666667, 0.0173399, 0.03777653333333334, 0.036461166666666656, 0.024051200000000002, 0.0303188, 0.021483733333333338, 0.021651533333333327, 0.03430576666666666, 0.033714666666666664, 0.01932306666666667, 0.0354645, 0.04429480000000001, 0.04756553333333334], [0.030657766666666666, 0.022184366666666663, 0.029112599999999995, 0.0408404, 0.037521333333333316, 0.04512893333333334, 0.0, 0.05437363333333334, 0.0374244, 0.04863716666666666, 0.03555963333333333, 0.03228673333333334, 0.03748256666666666, 0.0218973, 0.01883406666666667, 0.02765463333333333, 0.0371818, 0.04470119999999999, 0.0345123, 0.0313626, 0.027639200000000003, 0.04648963333333332, 0.0278323, 0.013507333333333336, 0.028839566666666667, 0.028960866666666665, 0.027981366666666667, 0.03564953333333334, 0.042419, 0.028047499999999996, 0.03430916666666667, 0.023980166666666664, 0.0337721, 0.0452781, 0.037324266666666675, 0.03260843333333334, 0.04687219999999999, 0.03446973333333333, 0.045092700000000006, 0.034242400000000006, 0.0284651, 0.018144866666666665, 0.042776466666666665, 0.0486041, 0.021896699999999998, 0.024892199999999996, 0.04389723333333333, 0.034675266666666676, 0.030684666666666666, 0.04522613333333333], [0.051252100000000016, 0.035829766666666665, 0.03719263333333333, 0.05017863333333333, 0.04577776666666667, 0.03586093333333334, 0.05437363333333334, 0.0, 0.030630900000000003, 0.02476366666666667, 0.03362743333333333, 0.037431433333333326, 0.03689633333333334, 0.0448683, 0.032411499999999996, 0.05090229999999999, 0.035398066666666665, 0.027137866666666666, 0.05803643333333334, 0.05129820000000001, 0.04623703333333332, 0.0360023, 0.023794466666666667, 0.033229433333333336, 0.02452303333333334, 0.0391653, 0.03593093333333333, 0.0336906, 0.03752013333333334, 0.030978733333333335, 0.032701, 0.04361003333333334, 0.03168923333333333, 0.028339499999999997, 0.048780233333333325, 0.030560099999999996, 0.024366, 0.027143333333333335, 0.035886433333333335, 0.03743373333333333, 0.03812216666666667, 0.0249295, 0.036296666666666665, 0.0328415, 0.02857136666666667, 0.0545467, 0.03329443333333334, 0.03143286666666667, 0.031960733333333345, 0.04609776666666668], [0.0402343, 0.026345633333333333, 0.04383366666666668, 0.04808369999999999, 0.026770099999999998, 0.03031273333333333, 0.0374244, 0.030630900000000003, 0.0, 0.03402013333333333, 0.03460833333333333, 0.030379166666666672, 0.03773906666666666, 0.025071066666666662, 0.025415133333333336, 0.039462566666666664, 0.02244003333333333, 0.04625339999999999, 0.046174099999999996, 0.01506393333333333, 0.0374474, 0.04189936666666667, 0.03244983333333334, 0.04511140000000001, 0.03261246666666667, 0.03949536666666668, 0.04416766666666666, 0.038348666666666656, 0.05312483333333333, 0.023683100000000002, 0.031122600000000004, 0.04615176666666667, 0.021157766666666664, 0.03270233333333333, 0.019461266666666668, 0.029619533333333337, 0.04961483333333332, 0.024152333333333338, 0.03703586666666667, 0.0407831, 0.0334055, 0.03861476666666666, 0.039762500000000006, 0.029746433333333332, 0.02164146666666667, 0.030563033333333333, 0.03111263333333334, 0.030456366666666665, 0.03520636666666667, 0.04179426666666668], [0.04664213333333333, 0.033913700000000005, 0.0525308, 0.04342973333333334, 0.043240333333333346, 0.02467286666666667, 0.04863716666666666, 0.02476366666666667, 0.03402013333333333, 0.0, 0.02599346666666667, 0.039392699999999996, 0.028536433333333333, 0.0229484, 0.022388633333333335, 0.03061436666666667, 0.03518273333333334, 0.039716233333333344, 0.04094393333333333, 0.04090053333333332, 0.0338882, 0.037907466666666674, 0.02430676666666667, 0.023966266666666666, 0.04049863333333333, 0.0419485, 0.05901423333333333, 0.02770403333333333, 0.030225666666666675, 0.02409053333333333, 0.03722713333333333, 0.02799863333333333, 0.0392814, 0.017433466666666664, 0.029277633333333337, 0.0357017, 0.028284099999999996, 0.02832296666666667, 0.022095333333333328, 0.03264186666666667, 0.042862233333333326, 0.04038626666666666, 0.020587366666666666, 0.03795086666666666, 0.04252876666666669, 0.039986333333333325, 0.04485936666666667, 0.0361227, 0.038589766666666664, 0.039535766666666666], [0.023861000000000007, 0.029769366666666658, 0.023396366666666668, 0.029390633333333332, 0.035785966666666676, 0.0322877, 0.03555963333333333, 0.03362743333333333, 0.03460833333333333, 0.02599346666666667, 0.0, 0.028419666666666666, 0.04837593333333334, 0.033056666666666665, 0.013245999999999997, 0.04326926666666668, 0.03129913333333334, 0.029104366666666666, 0.048634533333333334, 0.05777579999999999, 0.03577453333333333, 0.03472513333333333, 0.024596400000000004, 0.030104466666666663, 0.023020799999999998, 0.022687, 0.0226335, 0.03970073333333333, 0.03514729999999999, 0.034606000000000005, 0.03457136666666666, 0.025236699999999997, 0.02754156666666667, 0.0480901, 0.023824333333333336, 0.02942696666666666, 0.03793573333333334, 0.035606733333333335, 0.025315933333333332, 0.026382666666666665, 0.01862103333333334, 0.04197686666666666, 0.03751263333333333, 0.035219900000000005, 0.0350159, 0.0274399, 0.036710900000000005, 0.0273427, 0.029658133333333336, 0.02091616666666667], [0.0311854, 0.045360366666666666, 0.03394193333333334, 0.022323000000000003, 0.03016296666666666, 0.043076399999999994, 0.03228673333333334, 0.037431433333333326, 0.030379166666666672, 0.039392699999999996, 0.028419666666666666, 0.0, 0.0400414, 0.026558066666666668, 0.03892466666666667, 0.03142466666666666, 0.031071800000000004, 0.029790566666666667, 0.05121673333333333, 0.03142033333333333, 0.027868633333333333, 0.03164636666666666, 0.033702266666666675, 0.037649833333333334, 0.028544566666666667, 0.033654166666666666, 0.035058366666666674, 0.04893886666666666, 0.04390993333333334, 0.05093219999999999, 0.03821206666666666, 0.036446733333333335, 0.05522390000000001, 0.04019896666666667, 0.0336083, 0.037583399999999996, 0.020811700000000002, 0.04469473333333331, 0.02139263333333333, 0.03327056666666667, 0.04041616666666668, 0.041848399999999994, 0.020230999999999996, 0.047507799999999996, 0.037666533333333335, 0.028045033333333327, 0.03703346666666667, 0.05015906666666667, 0.04141753333333334, 0.031246299999999998], [0.027130366666666662, 0.025376799999999995, 0.04360646666666667, 0.0242046, 0.03825876666666666, 0.025121233333333336, 0.03748256666666666, 0.03689633333333334, 0.03773906666666666, 0.028536433333333333, 0.04837593333333334, 0.0400414, 0.0, 0.03844323333333333, 0.026260299999999997, 0.044908399999999994, 0.027063766666666666, 0.04163556666666665, 0.03501733333333333, 0.02962663333333334, 0.04165413333333332, 0.0363081, 0.050652133333333335, 0.027268533333333338, 0.042789233333333336, 0.037592733333333336, 0.026868000000000003, 0.037815133333333334, 0.039421333333333336, 0.04813316666666666, 0.03375329999999999, 0.024488133333333332, 0.03073743333333332, 0.035810433333333336, 0.029724833333333332, 0.04220760000000001, 0.03529813333333333, 0.052100866666666655, 0.03136856666666666, 0.024592533333333333, 0.04427843333333333, 0.045729299999999994, 0.021243433333333336, 0.02663813333333333, 0.047573833333333336, 0.021137366666666664, 0.031030466666666673, 0.023601433333333335, 0.0276422, 0.022305766666666664], [0.02984613333333333, 0.03270166666666667, 0.04569893333333334, 0.03853146666666667, 0.033177766666666664, 0.03943686666666666, 0.0218973, 0.0448683, 0.025071066666666662, 0.0229484, 0.033056666666666665, 0.026558066666666668, 0.03844323333333333, 0.0, 0.021323899999999996, 0.0310403, 0.027189666666666664, 0.03358596666666666, 0.0380011, 0.03648936666666666, 0.03242123333333333, 0.032410633333333334, 0.034140833333333336, 0.028289599999999998, 0.032350899999999995, 0.03764513333333334, 0.021467366666666664, 0.032635599999999994, 0.025237933333333334, 0.02891226666666667, 0.04078116666666667, 0.03201623333333333, 0.019796466666666665, 0.02655686666666667, 0.03001736666666667, 0.0180429, 0.04465433333333333, 0.023178133333333337, 0.03510133333333333, 0.043143033333333324, 0.04432219999999999, 0.02881906666666667, 0.026799966666666664, 0.025877733333333333, 0.029954400000000003, 0.03464816666666666, 0.043552966666666665, 0.040973799999999984, 0.021986000000000002, 0.038641666666666664], [0.027798133333333336, 0.04887666666666666, 0.03451959999999999, 0.025313000000000002, 0.0341695, 0.022977499999999998, 0.01883406666666667, 0.032411499999999996, 0.025415133333333336, 0.022388633333333335, 0.013245999999999997, 0.03892466666666667, 0.026260299999999997, 0.021323899999999996, 0.0, 0.03774626666666667, 0.03283833333333334, 0.04155696666666667, 0.02962626666666667, 0.03326986666666666, 0.042383466666666675, 0.02546033333333333, 0.04600686666666666, 0.04969236666666666, 0.027452466666666665, 0.027950033333333332, 0.019387166666666667, 0.035092566666666665, 0.03354063333333334, 0.03102896666666667, 0.02407036666666667, 0.022916, 0.0203056, 0.026948066666666666, 0.03684586666666667, 0.039317933333333326, 0.0182742, 0.03100066666666667, 0.013721433333333333, 0.04511266666666668, 0.01831963333333333, 0.03566726666666666, 0.03156123333333333, 0.0325621, 0.026980466666666675, 0.04334683333333333, 0.037800666666666656, 0.032406033333333334, 0.03565203333333333, 0.05140503333333333], [0.03935620000000001, 0.037230100000000016, 0.040240000000000005, 0.0420112, 0.0312959, 0.03442323333333334, 0.02765463333333333, 0.05090229999999999, 0.039462566666666664, 0.03061436666666667, 0.04326926666666668, 0.03142466666666666, 0.044908399999999994, 0.0310403, 0.03774626666666667, 0.0, 0.02727023333333334, 0.025785166666666668, 0.025518700000000002, 0.03664843333333334, 0.03285246666666666, 0.03383339999999999, 0.04229133333333333, 0.0399847, 0.038356366666666655, 0.049959500000000004, 0.04260736666666667, 0.02931613333333334, 0.029046199999999994, 0.036603199999999995, 0.036324499999999996, 0.032047299999999994, 0.03400003333333334, 0.023180533333333333, 0.05447829999999999, 0.03272963333333333, 0.037600666666666664, 0.04054056666666667, 0.024590166666666666, 0.023774433333333334, 0.026350933333333333, 0.049185400000000004, 0.03612826666666667, 0.0321224, 0.03909303333333334, 0.03556096666666668, 0.030296466666666667, 0.025608366666666674, 0.034276633333333334, 0.05180473333333333], [0.028682666666666665, 0.03894966666666667, 0.041545200000000004, 0.026684833333333338, 0.039911433333333336, 0.06154943333333334, 0.0371818, 0.035398066666666665, 0.02244003333333333, 0.03518273333333334, 0.03129913333333334, 0.031071800000000004, 0.027063766666666666, 0.027189666666666664, 0.03283833333333334, 0.02727023333333334, 0.0, 0.023979199999999996, 0.03990136666666666, 0.024786633333333332, 0.03133093333333333, 0.0303282, 0.026904000000000004, 0.035435999999999995, 0.02383656666666667, 0.026723666666666666, 0.03969263333333333, 0.03627523333333334, 0.02725236666666666, 0.03932536666666667, 0.020585533333333333, 0.03195026666666667, 0.04618846666666667, 0.020508299999999986, 0.03713940000000001, 0.06372066666666668, 0.023392033333333336, 0.02360143333333334, 0.036775999999999996, 0.039315866666666664, 0.016859899999999994, 0.033836866666666666, 0.02988450000000001, 0.021700566666666667, 0.0379282, 0.03324563333333334, 0.0264838, 0.036336299999999995, 0.020901, 0.02489683333333333], [0.03833963333333333, 0.03568099999999999, 0.0386328, 0.02194753333333333, 0.020773800000000005, 0.0563153, 0.04470119999999999, 0.027137866666666666, 0.04625339999999999, 0.039716233333333344, 0.029104366666666666, 0.029790566666666667, 0.04163556666666665, 0.03358596666666666, 0.04155696666666667, 0.025785166666666668, 0.023979199999999996, 0.0, 0.01807246666666667, 0.033168399999999994, 0.026798766666666664, 0.037727133333333336, 0.04148933333333334, 0.021566833333333334, 0.02230353333333333, 0.03541980000000001, 0.018194400000000003, 0.037088733333333325, 0.0336697, 0.029518533333333336, 0.04648323333333332, 0.05606833333333334, 0.01857976666666666, 0.04003023333333333, 0.03481643333333333, 0.04298183333333334, 0.025660099999999998, 0.03521223333333334, 0.03669263333333333, 0.024550033333333332, 0.028296166666666667, 0.019653566666666667, 0.031186066666666665, 0.046328299999999996, 0.03111453333333333, 0.0227578, 0.056354333333333326, 0.03395623333333334, 0.035435799999999996, 0.04361183333333334], [0.04102246666666666, 0.047690866666666665, 0.028735233333333332, 0.0298176, 0.03571269999999999, 0.03191973333333333, 0.0345123, 0.05803643333333334, 0.046174099999999996, 0.04094393333333333, 0.048634533333333334, 0.05121673333333333, 0.03501733333333333, 0.0380011, 0.02962626666666667, 0.025518700000000002, 0.03990136666666666, 0.01807246666666667, 0.0, 0.03693529999999998, 0.0368055, 0.03644509999999999, 0.047993466666666665, 0.014809566666666666, 0.04348033333333333, 0.026545533333333336, 0.04136193333333333, 0.04642343333333333, 0.03810216666666666, 0.02898636666666666, 0.022768066666666666, 0.035577566666666664, 0.04170786666666667, 0.04147796666666667, 0.03992276666666667, 0.03733036666666667, 0.05440303333333332, 0.05156543333333333, 0.03746473333333334, 0.032290433333333333, 0.03488516666666667, 0.037896266666666664, 0.024913, 0.02830729999999999, 0.04393463333333333, 0.028921633333333335, 0.029706299999999998, 0.03765606666666667, 0.03442836666666667, 0.03396573333333333], [0.027094166666666666, 0.03914486666666666, 0.029317399999999997, 0.03217246666666666, 0.0267651, 0.025499566666666668, 0.0313626, 0.05129820000000001, 0.01506393333333333, 0.04090053333333332, 0.05777579999999999, 0.03142033333333333, 0.02962663333333334, 0.03648936666666666, 0.03326986666666666, 0.03664843333333334, 0.024786633333333332, 0.033168399999999994, 0.03693529999999998, 0.0, 0.03220643333333333, 0.036179333333333334, 0.04766926666666667, 0.027174633333333337, 0.0399543, 0.06557923333333333, 0.0343156, 0.039597066666666667, 0.03389536666666667, 0.03560863333333333, 0.03370153333333333, 0.043017200000000005, 0.0362793, 0.0189448, 0.03001483333333333, 0.0346897, 0.04837226666666666, 0.032797633333333326, 0.03490563333333333, 0.03334316666666667, 0.03389483333333334, 0.03731183333333333, 0.022258499999999997, 0.029523233333333333, 0.038681600000000003, 0.025807133333333336, 0.017988433333333335, 0.02348383333333333, 0.0431307, 0.024725733333333336], [0.033389533333333325, 0.03447943333333334, 0.04815503333333332, 0.0475925, 0.022060966666666668, 0.02472493333333333, 0.027639200000000003, 0.04623703333333332, 0.0374474, 0.0338882, 0.03577453333333333, 0.027868633333333333, 0.04165413333333332, 0.03242123333333333, 0.042383466666666675, 0.03285246666666666, 0.03133093333333333, 0.026798766666666664, 0.0368055, 0.03220643333333333, 0.0, 0.03948696666666667, 0.03505933333333334, 0.037785933333333334, 0.02965223333333333, 0.021961133333333337, 0.028720333333333334, 0.038987733333333344, 0.030943233333333334, 0.036624699999999996, 0.03453876666666667, 0.02675653333333334, 0.03121343333333334, 0.03570849999999999, 0.027388000000000006, 0.04442246666666666, 0.041113300000000005, 0.023534666666666666, 0.044929866666666665, 0.028807466666666663, 0.03724976666666667, 0.0387319, 0.026269499999999998, 0.03130083333333334, 0.029137200000000002, 0.03472603333333333, 0.04507259999999999, 0.03903626666666667, 0.03557726666666667, 0.0249107], [0.030882166666666672, 0.05122826666666667, 0.024456333333333337, 0.035098966666666676, 0.042220266666666666, 0.042308, 0.04648963333333332, 0.0360023, 0.04189936666666667, 0.037907466666666674, 0.03472513333333333, 0.03164636666666666, 0.0363081, 0.032410633333333334, 0.02546033333333333, 0.03383339999999999, 0.0303282, 0.037727133333333336, 0.03644509999999999, 0.036179333333333334, 0.03948696666666667, 0.0, 0.049903, 0.044113833333333345, 0.03934406666666666, 0.026972733333333335, 0.03187436666666666, 0.03955776666666667, 0.05021106666666665, 0.031167366666666668, 0.04092779999999999, 0.028888833333333332, 0.0353115, 0.04570256666666666, 0.04387066666666666, 0.049964699999999994, 0.0309294, 0.027826799999999995, 0.04017216666666666, 0.030425933333333342, 0.019591966666666665, 0.033088, 0.04774536666666668, 0.027212999999999998, 0.028371133333333326, 0.027048700000000002, 0.0328128, 0.026845733333333337, 0.03903363333333334, 0.046957799999999994], [0.035015399999999995, 0.04072886666666667, 0.045173033333333334, 0.025873966666666668, 0.024830199999999997, 0.022213399999999998, 0.0278323, 0.023794466666666667, 0.03244983333333334, 0.02430676666666667, 0.024596400000000004, 0.033702266666666675, 0.050652133333333335, 0.034140833333333336, 0.04600686666666666, 0.04229133333333333, 0.026904000000000004, 0.04148933333333334, 0.047993466666666665, 0.04766926666666667, 0.03505933333333334, 0.049903, 0.0, 0.045007599999999995, 0.03697273333333334, 0.04376526666666666, 0.046031366666666663, 0.02054453333333333, 0.027875266666666662, 0.0407072, 0.028566666666666667, 0.03129476666666667, 0.04597783333333334, 0.029043100000000002, 0.03362446666666666, 0.062156499999999996, 0.030200233333333333, 0.040188566666666654, 0.039398733333333345, 0.02729656666666667, 0.02688983333333333, 0.021209399999999996, 0.027954066666666666, 0.02679116666666667, 0.05405183333333333, 0.02641636666666667, 0.030589366666666666, 0.0251742, 0.022708466666666663, 0.043131833333333335], [0.03387373333333333, 0.0288723, 0.030771433333333324, 0.02310133333333334, 0.024839033333333337, 0.03123413333333333, 0.013507333333333336, 0.033229433333333336, 0.04511140000000001, 0.023966266666666666, 0.030104466666666663, 0.037649833333333334, 0.027268533333333338, 0.028289599999999998, 0.04969236666666666, 0.0399847, 0.035435999999999995, 0.021566833333333334, 0.014809566666666666, 0.027174633333333337, 0.037785933333333334, 0.044113833333333345, 0.045007599999999995, 0.0, 0.018606033333333334, 0.033593633333333324, 0.03795593333333333, 0.03036003333333333, 0.0228935, 0.0555912, 0.029370300000000002, 0.03459016666666667, 0.0169324, 0.025451000000000005, 0.038621699999999995, 0.03969666666666667, 0.030060199999999995, 0.03499833333333333, 0.041727233333333336, 0.043603633333333336, 0.04116346666666666, 0.026421933333333328, 0.034157266666666665, 0.032028999999999995, 0.032194166666666656, 0.0389709, 0.033932833333333336, 0.0465811, 0.03786653333333333, 0.041657066666666666], [0.04159306666666667, 0.024033133333333335, 0.046797366666666666, 0.0362036, 0.04512193333333333, 0.029670166666666668, 0.028839566666666667, 0.02452303333333334, 0.03261246666666667, 0.04049863333333333, 0.023020799999999998, 0.028544566666666667, 0.042789233333333336, 0.032350899999999995, 0.027452466666666665, 0.038356366666666655, 0.02383656666666667, 0.02230353333333333, 0.04348033333333333, 0.0399543, 0.02965223333333333, 0.03934406666666666, 0.03697273333333334, 0.018606033333333334, 0.0, 0.040073066666666664, 0.06722663333333333, 0.03822266666666667, 0.033323633333333345, 0.02405326666666667, 0.030533399999999992, 0.029768400000000004, 0.02358496666666666, 0.028021366666666672, 0.029974266666666666, 0.031039766666666663, 0.04235733333333333, 0.03512726666666667, 0.038271233333333335, 0.0342169, 0.03841566666666667, 0.034383466666666675, 0.024223400000000003, 0.03677986666666667, 0.04002853333333334, 0.033376633333333336, 0.043, 0.024193899999999997, 0.0433714, 0.03488523333333333], [0.03414869999999999, 0.04114593333333334, 0.031375733333333336, 0.037859366666666665, 0.03912803333333333, 0.0333672, 0.028960866666666665, 0.0391653, 0.03949536666666668, 0.0419485, 0.022687, 0.033654166666666666, 0.037592733333333336, 0.03764513333333334, 0.027950033333333332, 0.049959500000000004, 0.026723666666666666, 0.03541980000000001, 0.026545533333333336, 0.06557923333333333, 0.021961133333333337, 0.026972733333333335, 0.04376526666666666, 0.033593633333333324, 0.040073066666666664, 0.0, 0.03597083333333334, 0.03648726666666668, 0.02150783333333333, 0.037640833333333346, 0.05508176666666668, 0.03925659999999999, 0.029416366666666662, 0.042329200000000004, 0.04587016666666666, 0.04278803333333333, 0.03808216666666666, 0.03293206666666667, 0.04290473333333334, 0.02432496666666667, 0.030925633333333324, 0.045124166666666674, 0.02181206666666667, 0.030940933333333333, 0.0224118, 0.026900400000000005, 0.02219343333333334, 0.0521372, 0.03499586666666668, 0.0268546], [0.02870323333333333, 0.027000200000000002, 0.029380266666666672, 0.022260166666666664, 0.044285433333333304, 0.02789276666666667, 0.027981366666666667, 0.03593093333333333, 0.04416766666666666, 0.05901423333333333, 0.0226335, 0.035058366666666674, 0.026868000000000003, 0.021467366666666664, 0.019387166666666667, 0.04260736666666667, 0.03969263333333333, 0.018194400000000003, 0.04136193333333333, 0.0343156, 0.028720333333333334, 0.03187436666666666, 0.046031366666666663, 0.03795593333333333, 0.06722663333333333, 0.03597083333333334, 0.0, 0.03799449999999999, 0.04452823333333333, 0.020319833333333336, 0.03178863333333334, 0.026695633333333336, 0.0459737, 0.019882, 0.02993063333333333, 0.0265089, 0.045140833333333324, 0.04606936666666667, 0.05500276666666667, 0.02742966666666667, 0.03688950000000001, 0.02517106666666667, 0.027992533333333333, 0.03350193333333334, 0.023254733333333336, 0.034872066666666666, 0.03476906666666666, 0.021810333333333334, 0.036014500000000005, 0.022479499999999996], [0.027557366666666663, 0.041114099999999994, 0.028963999999999997, 0.022824799999999996, 0.038028233333333335, 0.031165666666666664, 0.03564953333333334, 0.0336906, 0.038348666666666656, 0.02770403333333333, 0.03970073333333333, 0.04893886666666666, 0.037815133333333334, 0.032635599999999994, 0.035092566666666665, 0.02931613333333334, 0.03627523333333334, 0.037088733333333325, 0.04642343333333333, 0.039597066666666667, 0.038987733333333344, 0.03955776666666667, 0.02054453333333333, 0.03036003333333333, 0.03822266666666667, 0.03648726666666668, 0.03799449999999999, 0.0, 0.03674796666666667, 0.032948733333333334, 0.018370199999999996, 0.035909699999999996, 0.029487566666666666, 0.03267113333333333, 0.035359766666666674, 0.03706389999999999, 0.04546623333333332, 0.0307527, 0.03440496666666667, 0.030091266666666665, 0.036374233333333325, 0.03559830000000001, 0.01938506666666667, 0.027729033333333326, 0.017786, 0.03668016666666668, 0.025483, 0.04552976666666666, 0.0342428, 0.017237966666666667], [0.029652099999999994, 0.028793300000000004, 0.020030933333333334, 0.038367233333333334, 0.04671936666666667, 0.0290209, 0.042419, 0.03752013333333334, 0.05312483333333333, 0.030225666666666675, 0.03514729999999999, 0.04390993333333334, 0.039421333333333336, 0.025237933333333334, 0.03354063333333334, 0.029046199999999994, 0.02725236666666666, 0.0336697, 0.03810216666666666, 0.03389536666666667, 0.030943233333333334, 0.05021106666666665, 0.027875266666666662, 0.0228935, 0.033323633333333345, 0.02150783333333333, 0.04452823333333333, 0.03674796666666667, 0.0, 0.03127866666666666, 0.019528133333333326, 0.05503103333333334, 0.026899733333333335, 0.03947493333333334, 0.030695133333333333, 0.019787533333333336, 0.03181706666666668, 0.05745263333333333, 0.04394809999999999, 0.0317818, 0.023007099999999996, 0.039460866666666664, 0.03957716666666668, 0.04193476666666666, 0.03393633333333334, 0.0335343, 0.04233286666666666, 0.026571633333333334, 0.027353366666666663, 0.043739766666666666], [0.036558066666666666, 0.020694833333333336, 0.03152943333333333, 0.042833899999999994, 0.025532166666666665, 0.02835583333333333, 0.028047499999999996, 0.030978733333333335, 0.023683100000000002, 0.02409053333333333, 0.034606000000000005, 0.05093219999999999, 0.04813316666666666, 0.02891226666666667, 0.03102896666666667, 0.036603199999999995, 0.03932536666666667, 0.029518533333333336, 0.02898636666666666, 0.03560863333333333, 0.036624699999999996, 0.031167366666666668, 0.0407072, 0.0555912, 0.02405326666666667, 0.037640833333333346, 0.020319833333333336, 0.032948733333333334, 0.03127866666666666, 0.0, 0.05320783333333334, 0.02949666666666667, 0.03851203333333334, 0.02900316666666667, 0.045485166666666674, 0.032160400000000006, 0.0399789, 0.025470466666666667, 0.02913043333333334, 0.04474836666666667, 0.03390536666666667, 0.0326658, 0.0367939, 0.02180246666666667, 0.0406602, 0.016322900000000005, 0.023742033333333336, 0.027627333333333337, 0.027671233333333333, 0.05271196666666666], [0.03562533333333333, 0.018161966666666668, 0.0320217, 0.028611200000000003, 0.02883666666666667, 0.012498500000000001, 0.03430916666666667, 0.032701, 0.031122600000000004, 0.03722713333333333, 0.03457136666666666, 0.03821206666666666, 0.03375329999999999, 0.04078116666666667, 0.02407036666666667, 0.036324499999999996, 0.020585533333333333, 0.04648323333333332, 0.022768066666666666, 0.03370153333333333, 0.03453876666666667, 0.04092779999999999, 0.028566666666666667, 0.029370300000000002, 0.030533399999999992, 0.05508176666666668, 0.03178863333333334, 0.018370199999999996, 0.019528133333333326, 0.05320783333333334, 0.0, 0.025780066666666667, 0.03590730000000002, 0.03704433333333332, 0.04200766666666667, 0.043863233333333335, 0.030404999999999995, 0.0266367, 0.036721233333333346, 0.03009886666666668, 0.04554506666666668, 0.028768233333333337, 0.03614903333333333, 0.03776936666666666, 0.024319966666666668, 0.021763400000000006, 0.036116833333333334, 0.03143563333333333, 0.016321566666666665, 0.033831733333333336], [0.018737833333333332, 0.04175096666666667, 0.02617826666666667, 0.041067799999999995, 0.02170553333333334, 0.04077496666666667, 0.023980166666666664, 0.04361003333333334, 0.04615176666666667, 0.02799863333333333, 0.025236699999999997, 0.036446733333333335, 0.024488133333333332, 0.03201623333333333, 0.022916, 0.032047299999999994, 0.03195026666666667, 0.05606833333333334, 0.035577566666666664, 0.043017200000000005, 0.02675653333333334, 0.028888833333333332, 0.03129476666666667, 0.03459016666666667, 0.029768400000000004, 0.03925659999999999, 0.026695633333333336, 0.035909699999999996, 0.05503103333333334, 0.02949666666666667, 0.025780066666666667, 0.0, 0.03923750000000001, 0.028691166666666674, 0.0486854, 0.03685716666666666, 0.045318233333333326, 0.023936733333333335, 0.021780633333333327, 0.0318149, 0.03667983333333334, 0.053965133333333325, 0.05556406666666667, 0.0195153, 0.031768933333333325, 0.02648496666666667, 0.044924000000000006, 0.0245315, 0.036730366666666674, 0.03140063333333333], [0.0328611, 0.039126, 0.024114966666666668, 0.0355089, 0.03638533333333332, 0.038736566666666666, 0.0337721, 0.03168923333333333, 0.021157766666666664, 0.0392814, 0.02754156666666667, 0.05522390000000001, 0.03073743333333332, 0.019796466666666665, 0.0203056, 0.03400003333333334, 0.04618846666666667, 0.01857976666666666, 0.04170786666666667, 0.0362793, 0.03121343333333334, 0.0353115, 0.04597783333333334, 0.0169324, 0.02358496666666666, 0.029416366666666662, 0.0459737, 0.029487566666666666, 0.026899733333333335, 0.03851203333333334, 0.03590730000000002, 0.03923750000000001, 0.0, 0.05168826666666667, 0.03685466666666666, 0.02759656666666667, 0.0338211, 0.020560166666666664, 0.023599266666666667, 0.05066346666666666, 0.022798966666666663, 0.0405898, 0.04308993333333332, 0.049382666666666665, 0.019192433333333342, 0.03545413333333333, 0.03625043333333334, 0.026618233333333328, 0.021307100000000002, 0.048592133333333336], [0.023146366666666668, 0.027244066666666664, 0.021396800000000004, 0.04113816666666668, 0.03438823333333334, 0.022311666666666667, 0.0452781, 0.028339499999999997, 0.03270233333333333, 0.017433466666666664, 0.0480901, 0.04019896666666667, 0.035810433333333336, 0.02655686666666667, 0.026948066666666666, 0.023180533333333333, 0.020508299999999986, 0.04003023333333333, 0.04147796666666667, 0.0189448, 0.03570849999999999, 0.04570256666666666, 0.029043100000000002, 0.025451000000000005, 0.028021366666666672, 0.042329200000000004, 0.019882, 0.03267113333333333, 0.03947493333333334, 0.02900316666666667, 0.03704433333333332, 0.028691166666666674, 0.05168826666666667, 0.0, 0.04458326666666666, 0.023436333333333337, 0.03192916666666668, 0.037230900000000004, 0.028128033333333333, 0.0407255, 0.019480399999999995, 0.027586266666666664, 0.04223763333333334, 0.03363583333333334, 0.03005853333333333, 0.03217973333333333, 0.036917666666666675, 0.04301330000000001, 0.032182333333333334, 0.04453766666666667], [0.05556566666666666, 0.057624566666666675, 0.023856899999999993, 0.02419883333333334, 0.03978706666666666, 0.04617269999999999, 0.037324266666666675, 0.048780233333333325, 0.019461266666666668, 0.029277633333333337, 0.023824333333333336, 0.0336083, 0.029724833333333332, 0.03001736666666667, 0.03684586666666667, 0.05447829999999999, 0.03713940000000001, 0.03481643333333333, 0.03992276666666667, 0.03001483333333333, 0.027388000000000006, 0.04387066666666666, 0.03362446666666666, 0.038621699999999995, 0.029974266666666666, 0.04587016666666666, 0.02993063333333333, 0.035359766666666674, 0.030695133333333333, 0.045485166666666674, 0.04200766666666667, 0.0486854, 0.03685466666666666, 0.04458326666666666, 0.0, 0.030124900000000007, 0.047063966666666665, 0.04114676666666666, 0.03964686666666666, 0.030833433333333334, 0.02708853333333333, 0.030581, 0.0342151, 0.0476405, 0.024352399999999996, 0.034490633333333326, 0.022101033333333332, 0.025011266666666667, 0.0285316, 0.031196799999999986], [0.04493763333333334, 0.03910876666666665, 0.045723233333333335, 0.02982173333333333, 0.0357085, 0.03651870000000001, 0.03260843333333334, 0.030560099999999996, 0.029619533333333337, 0.0357017, 0.02942696666666666, 0.037583399999999996, 0.04220760000000001, 0.0180429, 0.039317933333333326, 0.03272963333333333, 0.06372066666666668, 0.04298183333333334, 0.03733036666666667, 0.0346897, 0.04442246666666666, 0.049964699999999994, 0.062156499999999996, 0.03969666666666667, 0.031039766666666663, 0.04278803333333333, 0.0265089, 0.03706389999999999, 0.019787533333333336, 0.032160400000000006, 0.043863233333333335, 0.03685716666666666, 0.02759656666666667, 0.023436333333333337, 0.030124900000000007, 0.0, 0.008477966666666666, 0.03125463333333334, 0.02891013333333333, 0.026423766666666668, 0.035028000000000004, 0.02118063333333333, 0.024748000000000003, 0.03362523333333334, 0.03082093333333334, 0.022257600000000002, 0.02490116666666667, 0.04237743333333333, 0.04084363333333333, 0.017724100000000003], [0.052168333333333344, 0.03983433333333333, 0.048863799999999985, 0.029320366666666667, 0.03183723333333332, 0.03339576666666667, 0.04687219999999999, 0.024366, 0.04961483333333332, 0.028284099999999996, 0.03793573333333334, 0.020811700000000002, 0.03529813333333333, 0.04465433333333333, 0.0182742, 0.037600666666666664, 0.023392033333333336, 0.025660099999999998, 0.05440303333333332, 0.04837226666666666, 0.041113300000000005, 0.0309294, 0.030200233333333333, 0.030060199999999995, 0.04235733333333333, 0.03808216666666666, 0.045140833333333324, 0.04546623333333332, 0.03181706666666668, 0.0399789, 0.030404999999999995, 0.045318233333333326, 0.0338211, 0.03192916666666668, 0.047063966666666665, 0.008477966666666666, 0.0, 0.03270929999999999, 0.04224253333333334, 0.0243712, 0.04464896666666665, 0.04179223333333333, 0.0368016, 0.0244704, 0.0372184, 0.030583300000000004, 0.02227876666666667, 0.03363623333333332, 0.04242453333333335, 0.03217670000000001], [0.025273333333333325, 0.034373100000000004, 0.025904333333333338, 0.022624533333333335, 0.02358436666666667, 0.0173399, 0.03446973333333333, 0.027143333333333335, 0.024152333333333338, 0.02832296666666667, 0.035606733333333335, 0.04469473333333331, 0.052100866666666655, 0.023178133333333337, 0.03100066666666667, 0.04054056666666667, 0.02360143333333334, 0.03521223333333334, 0.05156543333333333, 0.032797633333333326, 0.023534666666666666, 0.027826799999999995, 0.040188566666666654, 0.03499833333333333, 0.03512726666666667, 0.03293206666666667, 0.04606936666666667, 0.0307527, 0.05745263333333333, 0.025470466666666667, 0.0266367, 0.023936733333333335, 0.020560166666666664, 0.037230900000000004, 0.04114676666666666, 0.03125463333333334, 0.03270929999999999, 0.0, 0.03443193333333334, 0.04067556666666667, 0.02847156666666667, 0.04034413333333333, 0.034629499999999994, 0.046365333333333335, 0.030110500000000005, 0.039211566666666677, 0.033725966666666676, 0.019804166666666664, 0.018857700000000005, 0.039191800000000006], [0.035589733333333325, 0.0344278, 0.030108399999999997, 0.034103266666666666, 0.04764069999999999, 0.03777653333333334, 0.045092700000000006, 0.035886433333333335, 0.03703586666666667, 0.022095333333333328, 0.025315933333333332, 0.02139263333333333, 0.03136856666666666, 0.03510133333333333, 0.013721433333333333, 0.024590166666666666, 0.036775999999999996, 0.03669263333333333, 0.03746473333333334, 0.03490563333333333, 0.044929866666666665, 0.04017216666666666, 0.039398733333333345, 0.041727233333333336, 0.038271233333333335, 0.04290473333333334, 0.05500276666666667, 0.03440496666666667, 0.04394809999999999, 0.02913043333333334, 0.036721233333333346, 0.021780633333333327, 0.023599266666666667, 0.028128033333333333, 0.03964686666666666, 0.02891013333333333, 0.04224253333333334, 0.03443193333333334, 0.0, 0.03471803333333334, 0.026625333333333334, 0.030514566666666663, 0.026239600000000002, 0.03164653333333333, 0.021396033333333335, 0.04424806666666667, 0.02664223333333333, 0.0360922, 0.031766100000000005, 0.0232225], [0.028509966666666664, 0.022366366666666665, 0.03520763333333333, 0.03785613333333333, 0.028355699999999998, 0.036461166666666656, 0.034242400000000006, 0.03743373333333333, 0.0407831, 0.03264186666666667, 0.026382666666666665, 0.03327056666666667, 0.024592533333333333, 0.043143033333333324, 0.04511266666666668, 0.023774433333333334, 0.039315866666666664, 0.024550033333333332, 0.032290433333333333, 0.03334316666666667, 0.028807466666666663, 0.030425933333333342, 0.02729656666666667, 0.043603633333333336, 0.0342169, 0.02432496666666667, 0.02742966666666667, 0.030091266666666665, 0.0317818, 0.04474836666666667, 0.03009886666666668, 0.0318149, 0.05066346666666666, 0.0407255, 0.030833433333333334, 0.026423766666666668, 0.0243712, 0.04067556666666667, 0.03471803333333334, 0.0, 0.03851643333333332, 0.035932633333333346, 0.04523739999999999, 0.0356192, 0.03496076666666667, 0.034904566666666664, 0.04150096666666666, 0.033152233333333336, 0.034586166666666675, 0.04714693333333334], [0.035657966666666666, 0.026749733333333334, 0.035431899999999995, 0.029038766666666663, 0.031981366666666664, 0.024051200000000002, 0.0284651, 0.03812216666666667