[[0.0, 0.025989633333333335, 0.029550600000000007, 0.0498473, 0.021889166666666668, 0.026179066666666664, 0.04032856666666666, 0.02756703333333333, 0.035156900000000005, 0.03365476666666666, 0.022057266666666662, 0.0289476, 0.03978076666666666, 0.0374064, 0.04474219999999999, 0.04747013333333334, 0.030508033333333323, 0.03972673333333333, 0.034019299999999995, 0.022179866666666673, 0.039768899999999996, 0.03563893333333333, 0.034496033333333335, 0.029535099999999998, 0.03405623333333334, 0.03839920000000001, 0.024932833333333335, 0.043719799999999996, 0.035464200000000015, 0.034032733333333336, 0.037971000000000005, 0.0281409, 0.02733643333333334, 0.05483609999999999, 0.026922633333333335, 0.03025786666666667, 0.036593733333333336, 0.02326006666666666, 0.03100613333333333, 0.03220079999999999, 0.021303866666666667, 0.06216859999999999, 0.021671366666666667, 0.028228533333333333, 0.03132186666666667, 0.02812766666666667, 0.037212133333333335, 0.022292233333333335, 0.025286433333333327, 0.03898683333333334], [0.025989633333333335, 0.0, 0.04018976666666667, 0.04264223333333333, 0.031121800000000005, 0.0233879, 0.04695006666666665, 0.03258803333333334, 0.04783653333333334, 0.035777399999999994, 0.041822533333333335, 0.03235296666666667, 0.0303234, 0.022087, 0.015573966666666668, 0.028783633333333343, 0.02663706666666666, 0.03610829999999999, 0.0350158, 0.04269953333333334, 0.018681633333333336, 0.023622133333333333, 0.04646843333333332, 0.027649500000000004, 0.039702799999999996, 0.038062666666666675, 0.0327204, 0.04616583333333333, 0.03321896666666667, 0.028788133333333337, 0.024138233333333335, 0.03699133333333334, 0.04465346666666666, 0.029152900000000002, 0.028348166666666667, 0.047607833333333335, 0.030797966666666666, 0.0428684, 0.04962130000000001, 0.028970966666666667, 0.03197133333333333, 0.048481300000000005, 0.026697833333333334, 0.023022633333333334, 0.04363483333333333, 0.019791199999999995, 0.0346979, 0.05153833333333333, 0.02901206666666667, 0.03355266666666666], [0.029550600000000007, 0.04018976666666667, 0.0, 0.04769243333333333, 0.04386160000000001, 0.03787953333333333, 0.024687499999999998, 0.026622800000000002, 0.01975273333333334, 0.0343033, 0.027550966666666673, 0.047294166666666665, 0.03860086666666667, 0.043689766666666664, 0.057531099999999995, 0.02186403333333333, 0.03413246666666667, 0.0410354, 0.03266443333333333, 0.0369644, 0.036134733333333335, 0.03172476666666667, 0.03363850000000001, 0.04166493333333333, 0.0433559, 0.03197443333333334, 0.03771906666666666, 0.028714766666666666, 0.024096466666666663, 0.03683453333333333, 0.03967013333333333, 0.033245000000000004, 0.04783636666666667, 0.04151006666666667, 0.0460496, 0.0411388, 0.042885266666666665, 0.028251366666666673, 0.024930499999999998, 0.03818016666666666, 0.0312485, 0.05550156666666667, 0.03358209999999999, 0.0474193, 0.03268253333333333, 0.03600156666666666, 0.026317333333333342, 0.03852373333333334, 0.033441, 0.035382333333333335], [0.0498473, 0.04264223333333333, 0.04769243333333333, 0.0, 0.055231100000000005, 0.024980433333333333, 0.023725233333333335, 0.03372303333333334, 0.020988333333333335, 0.03839603333333332, 0.04038633333333333, 0.03387003333333333, 0.04196263333333332, 0.0307535, 0.02682356666666667, 0.0284205, 0.034955266666666665, 0.0324327, 0.03653540000000001, 0.037945866666666675, 0.033926366666666666, 0.019502133333333338, 0.027465233333333335, 0.03214553333333334, 0.036717466666666664, 0.042493500000000003, 0.03394826666666666, 0.03442423333333334, 0.031521333333333325, 0.03284950000000001, 0.033901766666666666, 0.030136400000000004, 0.039070766666666666, 0.04184793333333333, 0.03684383333333334, 0.04534823333333333, 0.04097216666666667, 0.04149203333333334, 0.05254583333333333, 0.04851433333333333, 0.04539823333333333, 0.03506943333333333, 0.053858766666666655, 0.01842576666666666, 0.03837593333333333, 0.038666799999999994, 0.036873333333333334, 0.03630156666666668, 0.026062, 0.029118400000000006], [0.021889166666666668, 0.031121800000000005, 0.04386160000000001, 0.055231100000000005, 0.0, 0.05301530000000001, 0.0318165, 0.0332941, 0.026374800000000004, 0.06258530000000001, 0.03988250000000001, 0.024123366666666667, 0.02254243333333333, 0.029222866666666663, 0.035315766666666665, 0.0284073, 0.04581450000000001, 0.043577833333333336, 0.02895596666666667, 0.037278433333333326, 0.027731633333333332, 0.05133229999999999, 0.0294547, 0.018681899999999994, 0.04343060000000001, 0.01820306666666667, 0.045795999999999996, 0.04203973333333332, 0.04147206666666666, 0.035275566666666675, 0.03457393333333333, 0.037181000000000006, 0.03459996666666667, 0.0408408, 0.03419203333333334, 0.0455646, 0.03035033333333333, 0.03982883333333333, 0.035650133333333334, 0.0365328, 0.040473166666666664, 0.026732399999999993, 0.03531286666666667, 0.02711883333333333, 0.0369222, 0.038563400000000005, 0.0333607, 0.03253816666666666, 0.019932966666666673, 0.0404898], [0.026179066666666664, 0.0233879, 0.03787953333333333, 0.024980433333333333, 0.05301530000000001, 0.0, 0.02923626666666667, 0.03855849999999998, 0.03403623333333333, 0.0286701, 0.018026999999999998, 0.03336346666666666, 0.02410163333333333, 0.032032899999999996, 0.03923663333333334, 0.03227703333333334, 0.044057300000000015, 0.028996266666666666, 0.024860133333333336, 0.053838366666666665, 0.04293556666666666, 0.026463666666666667, 0.022867466666666666, 0.0385107, 0.054353633333333325, 0.023771633333333334, 0.024114999999999998, 0.030137799999999992, 0.0323706, 0.044014899999999996, 0.03011213333333334, 0.050763366666666664, 0.02624256666666667, 0.04040069999999999, 0.03313343333333333, 0.04010596666666667, 0.04197013333333333, 0.024482666666666673, 0.02512566666666666, 0.03865676666666667, 0.036951466666666676, 0.026048699999999998, 0.044968133333333334, 0.04037693333333334, 0.0363006, 0.026007433333333333, 0.03498993333333333, 0.028449300000000004, 0.036276766666666654, 0.022376066666666666], [0.04032856666666666, 0.04695006666666665, 0.024687499999999998, 0.023725233333333335, 0.0318165, 0.02923626666666667, 0.0, 0.03744106666666667, 0.025271566666666665, 0.025452933333333334, 0.05119326666666667, 0.035663933333333335, 0.04571103333333334, 0.04225966666666667, 0.018684200000000005, 0.0425819, 0.024621866666666666, 0.05052686666666668, 0.0228695, 0.02153303333333333, 0.017869333333333334, 0.039355400000000006, 0.03391556666666666, 0.03396013333333334, 0.03857203333333333, 0.021290299999999995, 0.05189966666666666, 0.041520466666666665, 0.03019643333333333, 0.0353925, 0.033533566666666674, 0.042531299999999994, 0.022114333333333333, 0.03912033333333334, 0.040377500000000004, 0.049079066666666664, 0.024624666666666666, 0.03912950000000001, 0.05059976666666666, 0.026587866666666665, 0.03557009999999999, 0.03084113333333333, 0.03420076666666665, 0.031687099999999996, 0.034294933333333326, 0.0372994, 0.041826033333333325, 0.035808733333333335, 0.018581133333333333, 0.0220669], [0.02756703333333333, 0.03258803333333334, 0.026622800000000002, 0.03372303333333334, 0.0332941, 0.03855849999999998, 0.03744106666666667, 0.0, 0.04322099999999999, 0.01838083333333334, 0.044368633333333324, 0.03423803333333334, 0.026394400000000002, 0.029946133333333336, 0.04467153333333333, 0.03969603333333333, 0.04448826666666667, 0.0417352, 0.036475633333333334, 0.023773566666666662, 0.03254713333333333, 0.028545866666666662, 0.01615336666666667, 0.03966560000000001, 0.028254700000000004, 0.031700599999999995, 0.036328, 0.04313953333333333, 0.024499599999999996, 0.04167593333333333, 0.03355363333333333, 0.03816346666666667, 0.031184066666666666, 0.027214566666666665, 0.04353956666666669, 0.024480866666666663, 0.024839533333333334, 0.02047543333333333, 0.02726366666666667, 0.03569686666666666, 0.05283623333333333, 0.019477599999999998, 0.03502543333333333, 0.029060566666666666, 0.022890833333333336, 0.037498666666666666, 0.045947533333333346, 0.03366623333333333, 0.03693183333333334, 0.04313683333333333], [0.035156900000000005, 0.04783653333333334, 0.01975273333333334, 0.020988333333333335, 0.026374800000000004, 0.03403623333333333, 0.025271566666666665, 0.04322099999999999, 0.0, 0.02001963333333333, 0.0221995, 0.02898433333333333, 0.029952933333333327, 0.027787233333333335, 0.024499666666666663, 0.027424900000000002, 0.031597766666666666, 0.012053833333333335, 0.035308266666666664, 0.04515093333333334, 0.03107543333333333, 0.024582733333333336, 0.04010989999999999, 0.03955383333333332, 0.03901866666666667, 0.040938999999999996, 0.042451899999999994, 0.037434266666666674, 0.0589523, 0.03175686666666667, 0.05020493333333333, 0.03228996666666667, 0.027117433333333333, 0.022200933333333332, 0.04217803333333334, 0.040293466666666666, 0.026827766666666666, 0.024687633333333323, 0.032983833333333316, 0.026140299999999995, 0.072679, 0.046624766666666664, 0.033211333333333336, 0.03614773333333334, 0.03556636666666666, 0.01864336666666666, 0.04046066666666667, 0.03865626666666667, 0.030781433333333327, 0.029612899999999998], [0.03365476666666666, 0.035777399999999994, 0.0343033, 0.03839603333333332, 0.06258530000000001, 0.0286701, 0.025452933333333334, 0.01838083333333334, 0.02001963333333333, 0.0, 0.03574683333333334, 0.0460955, 0.03842026666666666, 0.06029226666666667, 0.028818833333333328, 0.024847099999999993, 0.03703853333333334, 0.04115136666666667, 0.0328757, 0.032876600000000006, 0.016942499999999996, 0.03892489999999999, 0.029214633333333333, 0.02503313333333334, 0.0289232, 0.042434966666666664, 0.03765369999999999, 0.0246643, 0.026241766666666666, 0.04411343333333334, 0.034760866666666675, 0.03177996666666666, 0.03292080000000001, 0.04001933333333333, 0.059555566666666664, 0.03857276666666667, 0.029122499999999992, 0.025883066666666663, 0.031161899999999996, 0.022863166666666667, 0.0245102, 0.03398473333333332, 0.03267356666666667, 0.015748099999999998, 0.020354199999999996, 0.039132999999999994, 0.028794066666666666, 0.040282533333333335, 0.029844300000000004, 0.02019353333333333], [0.022057266666666662, 0.041822533333333335, 0.027550966666666673, 0.04038633333333333, 0.03988250000000001, 0.018026999999999998, 0.05119326666666667, 0.044368633333333324, 0.0221995, 0.03574683333333334, 0.0, 0.030324500000000004, 0.0183082, 0.025844233333333338, 0.0287017, 0.029382566666666672, 0.016369, 0.04099409999999999, 0.03971689999999999, 0.039366500000000006, 0.02354566666666667, 0.03963786666666667, 0.03196206666666667, 0.030711233333333338, 0.026286266666666672, 0.03892000000000001, 0.028485033333333333, 0.0468489, 0.02585573333333334, 0.04741493333333333, 0.03703619999999999, 0.0378699, 0.035402233333333345, 0.026524333333333334, 0.024781999999999995, 0.05227796666666667, 0.037771566666666666, 0.0212688, 0.0317704, 0.03942956666666667, 0.02430476666666667, 0.03766903333333333, 0.028046966666666666, 0.0301806, 0.039759333333333334, 0.03826533333333334, 0.0324812, 0.040824799999999994, 0.028188766666666667, 0.03437433333333334], [0.0289476, 0.03235296666666667, 0.047294166666666665, 0.03387003333333333, 0.024123366666666667, 0.03336346666666666, 0.035663933333333335, 0.03423803333333334, 0.02898433333333333, 0.0460955, 0.030324500000000004, 0.0, 0.03489169999999999, 0.031611933333333335, 0.04184633333333333, 0.03291813333333333, 0.052214833333333335, 0.02248423333333333, 0.027393533333333327, 0.04066483333333333, 0.025768899999999997, 0.03414423333333332, 0.025273233333333336, 0.029574533333333337, 0.03030593333333334, 0.028337166666666667, 0.022357166666666664, 0.025562333333333336, 0.02437503333333333, 0.027731433333333326, 0.0289779, 0.035697133333333325, 0.04735963333333334, 0.033320766666666675, 0.024860733333333336, 0.03063536666666667, 0.028995500000000004, 0.04321813333333333, 0.04415499999999999, 0.030494133333333326, 0.028123799999999994, 0.020715733333333333, 0.03259096666666667, 0.0439831, 0.02776803333333333, 0.03327276666666667, 0.029178900000000008, 0.030397533333333338, 0.037816333333333334, 0.02832323333333333], [0.03978076666666666, 0.0303234, 0.03860086666666667, 0.04196263333333332, 0.02254243333333333, 0.02410163333333333, 0.04571103333333334, 0.026394400000000002, 0.029952933333333327, 0.03842026666666666, 0.0183082, 0.03489169999999999, 0.0, 0.028672999999999997, 0.04155076666666667, 0.028688500000000002, 0.03330136666666667, 0.0384452, 0.03226919999999999, 0.02736603333333333, 0.04567023333333334, 0.0402768, 0.03136733333333333, 0.024888500000000008, 0.05265343333333334, 0.03930800000000001, 0.028295400000000002, 0.026924833333333332, 0.04902133333333334, 0.0358537, 0.05167423333333335, 0.031467966666666666, 0.0265018, 0.0245316, 0.038829166666666665, 0.029168066666666673, 0.03897956666666666, 0.04006326666666666, 0.023818133333333328, 0.030741366666666665, 0.03900593333333333, 0.047761899999999996, 0.03707253333333334, 0.0545202, 0.03806846666666667, 0.03259156666666666, 0.0375851, 0.04662776666666667, 0.04901116666666667, 0.04222643333333332], [0.0374064, 0.022087, 0.043689766666666664, 0.0307535, 0.029222866666666663, 0.032032899999999996, 0.04225966666666667, 0.029946133333333336, 0.027787233333333335, 0.06029226666666667, 0.025844233333333338, 0.031611933333333335, 0.028672999999999997, 0.0, 0.04628903333333333, 0.020137999999999993, 0.039411666666666664, 0.036390966666666656, 0.02950383333333333, 0.0191911, 0.03679860000000001, 0.023790666666666672, 0.03338036666666666, 0.03313406666666666, 0.025100333333333332, 0.0433279, 0.038082899999999996, 0.037758400000000004, 0.015272499999999998, 0.035359, 0.039151233333333334, 0.022617866666666667, 0.048789400000000004, 0.036140533333333336, 0.032994266666666654, 0.03650093333333334, 0.020581666666666668, 0.03208253333333333, 0.042336, 0.05346646666666667, 0.033853499999999995, 0.030892366666666664, 0.03694793333333335, 0.037675466666666664, 0.049227966666666664, 0.024710499999999996, 0.027647699999999997, 0.041090333333333326, 0.03142693333333334, 0.02987446666666667], [0.04474219999999999, 0.015573966666666668, 0.057531099999999995, 0.02682356666666667, 0.035315766666666665, 0.03923663333333334, 0.018684200000000005, 0.04467153333333333, 0.024499666666666663, 0.028818833333333328, 0.0287017, 0.04184633333333333, 0.04155076666666667, 0.04628903333333333, 0.0, 0.036249199999999995, 0.04207410000000001, 0.0386488, 0.04500883333333333, 0.022292133333333335, 0.026125466666666666, 0.045850966666666666, 0.03592513333333334, 0.037521500000000006, 0.04220846666666667, 0.0290486, 0.028897833333333334, 0.020699266666666667, 0.020998566666666663, 0.038113699999999986, 0.028783800000000005, 0.034102233333333336, 0.028170033333333327, 0.03561356666666666, 0.04686373333333334, 0.032131066666666666, 0.03594543333333333, 0.043352400000000006, 0.032635866666666666, 0.027855433333333342, 0.043398200000000005, 0.027841799999999996, 0.03307610000000001, 0.06407840000000001, 0.026900933333333335, 0.034391399999999996, 0.0323071, 0.04236326666666666, 0.027333166666666665, 0.0358755], [0.04747013333333334, 0.028783633333333343, 0.02186403333333333, 0.0284205, 0.0284073, 0.03227703333333334, 0.0425819, 0.03969603333333333, 0.027424900000000002, 0.024847099999999993, 0.029382566666666672, 0.03291813333333333, 0.028688500000000002, 0.020137999999999993, 0.036249199999999995, 0.0, 0.029037266666666662, 0.03045519999999999, 0.027988533333333333, 0.04129646666666666, 0.04729983333333333, 0.03723429999999999, 0.03429993333333333, 0.021816066666666658, 0.0228113, 0.029333200000000007, 0.038368299999999994, 0.04287686666666666, 0.036784833333333336, 0.037210833333333346, 0.046872266666666676, 0.029855333333333334, 0.045575833333333315, 0.030423900000000007, 0.04550873333333333, 0.0336496, 0.045187500000000005, 0.02767743333333333, 0.04086153333333334, 0.03405179999999999, 0.0412212, 0.03689806666666667, 0.04272133333333333, 0.029897533333333334, 0.02333633333333334, 0.024347399999999998, 0.036666233333333326, 0.033378766666666664, 0.034288766666666665, 0.026392766666666657], [0.030508033333333323, 0.02663706666666666, 0.03413246666666667, 0.034955266666666665, 0.04581450000000001, 0.044057300000000015, 0.024621866666666666, 0.04448826666666667, 0.031597766666666666, 0.03703853333333334, 0.016369, 0.052214833333333335, 0.03330136666666667, 0.039411666666666664, 0.04207410000000001, 0.029037266666666662, 0.0, 0.014633966666666668, 0.03327800000000001, 0.0352467, 0.03325290000000001, 0.027364066666666673, 0.030285, 0.04172953333333333, 0.01725053333333333, 0.018911366666666665, 0.0302115, 0.03907529999999999, 0.058547533333333325, 0.03648816666666666, 0.03781113333333333, 0.04203503333333332, 0.052767166666666664, 0.02112793333333333, 0.040481633333333336, 0.036685733333333345, 0.030477666666666663, 0.028550066666666662, 0.034721699999999994, 0.04687856666666668, 0.030843733333333335, 0.021166799999999996, 0.041195833333333334, 0.029911433333333338, 0.0297238, 0.027846399999999997, 0.039038133333333336, 0.03442750000000001, 0.03902183333333334, 0.023754033333333327], [0.03972673333333333, 0.03610829999999999, 0.0410354, 0.0324327, 0.043577833333333336, 0.028996266666666666, 0.05052686666666668, 0.0417352, 0.012053833333333335, 0.04115136666666667, 0.04099409999999999, 0.02248423333333333, 0.0384452, 0.036390966666666656, 0.0386488, 0.03045519999999999, 0.014633966666666668, 0.0, 0.030795866666666668, 0.04272946666666667, 0.04516073333333334, 0.03398620000000001, 0.03551763333333333, 0.028004933333333336, 0.03723409999999999, 0.0307416, 0.0375365, 0.02463733333333333, 0.03194773333333333, 0.0374575, 0.027936700000000002, 0.0329672, 0.02939036666666666, 0.032486266666666666, 0.03723246666666666, 0.0335848, 0.04269063333333333, 0.03356166666666667, 0.03394983333333334, 0.03887956666666667, 0.035751966666666656, 0.029366933333333334, 0.04816526666666667, 0.0347909, 0.04498300000000001, 0.03124026666666667, 0.03909066666666667, 0.03236886666666666, 0.04766066666666667, 0.028572133333333336], [0.034019299999999995, 0.0350158, 0.03266443333333333, 0.03653540000000001, 0.02895596666666667, 0.024860133333333336, 0.0228695, 0.036475633333333334, 0.035308266666666664, 0.0328757, 0.03971689999999999, 0.027393533333333327, 0.03226919999999999, 0.02950383333333333, 0.04500883333333333, 0.027988533333333333, 0.03327800000000001, 0.030795866666666668, 0.0, 0.031516800000000005, 0.026043466666666678, 0.03181986666666667, 0.032483, 0.028345233333333338, 0.021894466666666664, 0.0505239, 0.03244146666666667, 0.0329515, 0.031599366666666684, 0.03239913333333332, 0.03337126666666667, 0.03468076666666667, 0.03778053333333332, 0.034618899999999994, 0.0295406, 0.03963836666666666, 0.02841256666666667, 0.04202556666666667, 0.021971933333333332, 0.052292166666666674, 0.042371933333333334, 0.0384192, 0.03322923333333334, 0.03411376666666666, 0.03312226666666666, 0.041846066666666654, 0.036669733333333336, 0.024859666666666665, 0.020417, 0.03418290000000001], [0.022179866666666673, 0.04269953333333334, 0.0369644, 0.037945866666666675, 0.037278433333333326, 0.053838366666666665, 0.02153303333333333, 0.023773566666666662, 0.04515093333333334, 0.032876600000000006, 0.039366500000000006, 0.04066483333333333, 0.02736603333333333, 0.0191911, 0.022292133333333335, 0.04129646666666666, 0.0352467, 0.04272946666666667, 0.031516800000000005, 0.0, 0.028950200000000002, 0.042241866666666676, 0.026708566666666662, 0.024787366666666664, 0.03720176666666667, 0.03695316666666667, 0.02388763333333334, 0.0297792, 0.03870586666666667, 0.025203866666666668, 0.03136573333333334, 0.02331573333333333, 0.037282699999999995, 0.04300086666666667, 0.033239899999999996, 0.048294000000000004, 0.04687296666666666, 0.04636476666666666, 0.032395966666666665, 0.03844903333333334, 0.030449033333333334, 0.024528766666666667, 0.04632663333333333, 0.04758356666666667, 0.03280063333333333, 0.04741126666666667, 0.03064633333333333, 0.027016666666666665, 0.038929066666666665, 0.03132756666666667], [0.039768899999999996, 0.018681633333333336, 0.036134733333333335, 0.033926366666666666, 0.027731633333333332, 0.04293556666666666, 0.017869333333333334, 0.03254713333333333, 0.03107543333333333, 0.016942499999999996, 0.02354566666666667, 0.025768899999999997, 0.04567023333333334, 0.03679860000000001, 0.026125466666666666, 0.04729983333333333, 0.03325290000000001, 0.04516073333333334, 0.026043466666666678, 0.028950200000000002, 0.0, 0.040693466666666664, 0.024082966666666667, 0.024171433333333332, 0.028806066666666665, 0.04418006666666667, 0.04122186666666666, 0.021627166666666673, 0.029336166666666663, 0.040929933333333335, 0.026408966666666665, 0.020702066666666668, 0.031938466666666665, 0.03446496666666666, 0.03533343333333333, 0.03474836666666667, 0.03702476666666666, 0.025389399999999996, 0.032387566666666666, 0.03129833333333334, 0.02821326666666666, 0.037389799999999994, 0.030285533333333333, 0.04405053333333333, 0.032015566666666675, 0.049804900000000006, 0.056796299999999994, 0.051789533333333325, 0.031489666666666666, 0.0277625], [0.03563893333333333, 0.023622133333333333, 0.03172476666666667, 0.019502133333333338, 0.05133229999999999, 0.026463666666666667, 0.039355400000000006, 0.028545866666666662, 0.024582733333333336, 0.03892489999999999, 0.03963786666666667, 0.03414423333333332, 0.0402768, 0.023790666666666672, 0.045850966666666666, 0.03723429999999999, 0.027364066666666673, 0.03398620000000001, 0.03181986666666667, 0.042241866666666676, 0.040693466666666664, 0.0, 0.027892466666666664, 0.021112733333333335, 0.0248081, 0.040252433333333344, 0.04044183333333334, 0.04748206666666666, 0.03049773333333334, 0.03467846666666668, 0.04315853333333334, 0.06487853333333334, 0.0273967, 0.028939266666666668, 0.04023536666666668, 0.0412679, 0.02605873333333333, 0.029611633333333335, 0.029441166666666668, 0.03684676666666666, 0.029259433333333335, 0.05010100000000001, 0.03668896666666667, 0.039299566666666674, 0.03842803333333333, 0.032047933333333334, 0.03014579999999999, 0.043561833333333334, 0.036000300000000006, 0.031015099999999997], [0.034496033333333335, 0.04646843333333332, 0.03363850000000001, 0.027465233333333335, 0.0294547, 0.022867466666666666, 0.03391556666666666, 0.01615336666666667, 0.04010989999999999, 0.029214633333333333, 0.03196206666666667, 0.025273233333333336, 0.03136733333333333, 0.03338036666666666, 0.03592513333333334, 0.03429993333333333, 0.030285, 0.03551763333333333, 0.032483, 0.026708566666666662, 0.024082966666666667, 0.027892466666666664, 0.0, 0.038036833333333325, 0.03349053333333334, 0.0288387, 0.03450609999999999, 0.053727533333333334, 0.03689270000000001, 0.03585153333333333, 0.037720766666666655, 0.022037600000000004, 0.024322733333333332, 0.023445700000000007, 0.03236066666666666, 0.03965386666666666, 0.045205, 0.03831636666666667, 0.03539716666666667, 0.02082273333333333, 0.02539886666666667, 0.03203043333333333, 0.03655146666666666, 0.027216233333333333, 0.047788933333333346, 0.0373523, 0.03602363333333334, 0.030298099999999994, 0.0267106, 0.04794210000000001], [0.029535099999999998, 0.027649500000000004, 0.04166493333333333, 0.03214553333333334, 0.018681899999999994, 0.0385107, 0.03396013333333334, 0.03966560000000001, 0.03955383333333332, 0.02503313333333334, 0.030711233333333338, 0.029574533333333337, 0.024888500000000008, 0.03313406666666666, 0.037521500000000006, 0.021816066666666658, 0.04172953333333333, 0.028004933333333336, 0.028345233333333338, 0.024787366666666664, 0.024171433333333332, 0.021112733333333335, 0.038036833333333325, 0.0, 0.0517048, 0.04581896666666666, 0.031513066666666666, 0.02822700000000001, 0.02555706666666666, 0.03275956666666667, 0.03519283333333335, 0.03966686666666667, 0.0330682, 0.05132840000000001, 0.023159100000000002, 0.0305946, 0.03392016666666667, 0.05082023333333334, 0.038603900000000003, 0.03421886666666666, 0.03331233333333334, 0.03420086666666666, 0.03204166666666667, 0.04876850000000001, 0.032604633333333334, 0.03768946666666667, 0.04587779999999999, 0.03352806666666666, 0.0389121, 0.0277938], [0.03405623333333334, 0.039702799999999996, 0.0433559, 0.036717466666666664, 0.04343060000000001, 0.054353633333333325, 0.03857203333333333, 0.028254700000000004, 0.03901866666666667, 0.0289232, 0.026286266666666672, 0.03030593333333334, 0.05265343333333334, 0.025100333333333332, 0.04220846666666667, 0.0228113, 0.01725053333333333, 0.03723409999999999, 0.021894466666666664, 0.03720176666666667, 0.028806066666666665, 0.0248081, 0.03349053333333334, 0.0517048, 0.0, 0.04128776666666668, 0.05291623333333333, 0.039043699999999994, 0.049218233333333326, 0.03407929999999999, 0.04352903333333332, 0.05474463333333333, 0.04021703333333333, 0.02640753333333333, 0.023933299999999998, 0.037982266666666674, 0.02459003333333333, 0.0397915, 0.020979466666666665, 0.03817196666666667, 0.0327567, 0.033498299999999995, 0.04196139999999998, 0.03655803333333334, 0.03601926666666666, 0.032580533333333335, 0.040530699999999996, 0.038090233333333334, 0.01486873333333333, 0.040156], [0.03839920000000001, 0.038062666666666675, 0.03197443333333334, 0.042493500000000003, 0.01820306666666667, 0.023771633333333334, 0.021290299999999995, 0.031700599999999995, 0.040938999999999996, 0.042434966666666664, 0.03892000000000001, 0.028337166666666667, 0.03930800000000001, 0.0433279, 0.0290486, 0.029333200000000007, 0.018911366666666665, 0.0307416, 0.0505239, 0.03695316666666667, 0.04418006666666667, 0.040252433333333344, 0.0288387, 0.04581896666666666, 0.04128776666666668, 0.0, 0.04420980000000001, 0.023757733333333333, 0.029473033333333336, 0.029104266666666677, 0.029552433333333333, 0.014615099999999999, 0.050508399999999995, 0.03489973333333332, 0.02833783333333333, 0.057521266666666675, 0.03330556666666667, 0.05150543333333332, 0.026117766666666667, 0.052090533333333335, 0.039775666666666654, 0.0290339, 0.04356276666666666, 0.031043333333333336, 0.06640336666666667, 0.026728400000000003, 0.017103800000000002, 0.02257806666666667, 0.026409233333333327, 0.024231633333333336], [0.024932833333333335, 0.0327204, 0.03771906666666666, 0.03394826666666666, 0.045795999999999996, 0.024114999999999998, 0.05189966666666666, 0.036328, 0.042451899999999994, 0.03765369999999999, 0.028485033333333333, 0.022357166666666664, 0.028295400000000002, 0.038082899999999996, 0.028897833333333334, 0.038368299999999994, 0.0302115, 0.0375365, 0.03244146666666667, 0.02388763333333334, 0.04122186666666666, 0.04044183333333334, 0.03450609999999999, 0.031513066666666666, 0.05291623333333333, 0.04420980000000001, 0.0, 0.02199006666666666, 0.04990823333333334, 0.030651699999999997, 0.023086899999999997, 0.038057066666666674, 0.0430077, 0.032966499999999996, 0.0419968, 0.041387499999999994, 0.032033266666666664, 0.027555933333333338, 0.017604933333333333, 0.039367000000000006, 0.036159200000000016, 0.041404500000000004, 0.036243066666666664, 0.0446709, 0.03079763333333333, 0.0415659, 0.037998033333333334, 0.034685966666666665, 0.03130643333333333, 0.025589533333333338], [0.043719799999999996, 0.04616583333333333, 0.028714766666666666, 0.03442423333333334, 0.04203973333333332, 0.030137799999999992, 0.041520466666666665, 0.04313953333333333, 0.037434266666666674, 0.0246643, 0.0468489, 0.025562333333333336, 0.026924833333333332, 0.037758400000000004, 0.020699266666666667, 0.04287686666666666, 0.03907529999999999, 0.02463733333333333, 0.0329515, 0.0297792, 0.021627166666666673, 0.04748206666666666, 0.053727533333333334, 0.02822700000000001, 0.039043699999999994, 0.023757733333333333, 0.02199006666666666, 0.0, 0.0357663, 0.0336303, 0.03599893333333333, 0.052000666666666674, 0.03486189999999999, 0.03452050000000001, 0.04494433333333334, 0.03286356666666667, 0.038231366666666676, 0.029176833333333336, 0.02253623333333333, 0.037371266666666667, 0.030552733333333332, 0.03557836666666666, 0.06748729999999999, 0.021438, 0.042380866666666676, 0.03515716666666666, 0.05334226666666665, 0.045283433333333324, 0.02162406666666666, 0.021902866666666666], [0.035464200000000015, 0.03321896666666667, 0.024096466666666663, 0.031521333333333325, 0.04147206666666666, 0.0323706, 0.03019643333333333, 0.024499599999999996, 0.0589523, 0.026241766666666666, 0.02585573333333334, 0.02437503333333333, 0.04902133333333334, 0.015272499999999998, 0.020998566666666663, 0.036784833333333336, 0.058547533333333325, 0.03194773333333333, 0.031599366666666684, 0.03870586666666667, 0.029336166666666663, 0.03049773333333334, 0.03689270000000001, 0.02555706666666666, 0.049218233333333326, 0.029473033333333336, 0.04990823333333334, 0.0357663, 0.0, 0.026984033333333327, 0.03964329999999999, 0.0284692, 0.027567900000000003, 0.034181933333333324, 0.024288966666666672, 0.027860766666666672, 0.03670346666666667, 0.029608266666666667, 0.027131166666666665, 0.04177276666666667, 0.03676713333333334, 0.028133500000000002, 0.037046033333333325, 0.03255943333333333, 0.03623376666666667, 0.03736263333333334, 0.03256956666666667, 0.029739333333333336, 0.033877066666666664, 0.043039133333333326], [0.034032733333333336, 0.028788133333333337, 0.03683453333333333, 0.03284950000000001, 0.035275566666666675, 0.044014899999999996, 0.0353925, 0.04167593333333333, 0.03175686666666667, 0.04411343333333334, 0.04741493333333333, 0.027731433333333326, 0.0358537, 0.035359, 0.038113699999999986, 0.037210833333333346, 0.03648816666666666, 0.0374575, 0.03239913333333332, 0.025203866666666668, 0.040929933333333335, 0.03467846666666668, 0.03585153333333333, 0.03275956666666667, 0.03407929999999999, 0.029104266666666677, 0.030651699999999997, 0.0336303, 0.026984033333333327, 0.0, 0.041706933333333335, 0.03505333333333333, 0.03702883333333334, 0.037813066666666666, 0.045181966666666656, 0.02758320000000001, 0.03562196666666666, 0.027093066666666665, 0.021221699999999996, 0.025933433333333332, 0.04480523333333333, 0.01675723333333333, 0.028280433333333337, 0.03636286666666667, 0.04265073333333333, 0.036848933333333334, 0.04395833333333333, 0.03239563333333333, 0.031157800000000006, 0.025928599999999993], [0.037971000000000005, 0.024138233333333335, 0.03967013333333333, 0.033901766666666666, 0.03457393333333333, 0.03011213333333334, 0.033533566666666674, 0.03355363333333333, 0.05020493333333333, 0.034760866666666675, 0.03703619999999999, 0.0289779, 0.05167423333333335, 0.039151233333333334, 0.028783800000000005, 0.046872266666666676, 0.03781113333333333, 0.027936700000000002, 0.03337126666666667, 0.03136573333333334, 0.026408966666666665, 0.04315853333333334, 0.037720766666666655, 0.03519283333333335, 0.04352903333333332, 0.029552433333333333, 0.023086899999999997, 0.03599893333333333, 0.03964329999999999, 0.041706933333333335, 0.0, 0.025121933333333332, 0.027522366666666666, 0.0223538, 0.0218957, 0.03875593333333334, 0.025843599999999994, 0.026867133333333335, 0.029825333333333332, 0.03929176666666665, 0.031277233333333335, 0.04556496666666667, 0.050077, 0.03895426666666666, 0.0458624, 0.056078699999999995, 0.0297167, 0.018554066666666667, 0.0229511, 0.04022306666666666], [0.0281409, 0.03699133333333334, 0.033245000000000004, 0.030136400000000004, 0.037181000000000006, 0.050763366666666664, 0.042531299999999994, 0.03816346666666667, 0.03228996666666667, 0.03177996666666666, 0.0378699, 0.035697133333333325, 0.031467966666666666, 0.022617866666666667, 0.034102233333333336, 0.029855333333333334, 0.04203503333333332, 0.0329672, 0.03468076666666667, 0.02331573333333333, 0.020702066666666668, 0.06487853333333334, 0.022037600000000004, 0.03966686666666667, 0.05474463333333333, 0.014615099999999999, 0.038057066666666674, 0.052000666666666674, 0.0284692, 0.03505333333333333, 0.025121933333333332, 0.0, 0.04755686666666666, 0.04013976666666666, 0.0390874, 0.02960663333333333, 0.0340386, 0.03379116666666665, 0.03174663333333333, 0.06097033333333334, 0.04163733333333333, 0.030982666666666665, 0.025449333333333334, 0.028188166666666663, 0.020066833333333325, 0.016677766666666666, 0.03303246666666668, 0.038273699999999994, 0.030809666666666666, 0.03144906666666667], [0.02733643333333334, 0.04465346666666666, 0.04783636666666667, 0.039070766666666666, 0.03459996666666667, 0.02624256666666667, 0.022114333333333333, 0.031184066666666666, 0.027117433333333333, 0.03292080000000001, 0.035402233333333345, 0.04735963333333334, 0.0265018, 0.048789400000000004, 0.028170033333333327, 0.045575833333333315, 0.052767166666666664, 0.02939036666666666, 0.03778053333333332, 0.037282699999999995, 0.031938466666666665, 0.0273967, 0.024322733333333332, 0.0330682, 0.04021703333333333, 0.050508399999999995, 0.0430077, 0.03486189999999999, 0.027567900000000003, 0.03702883333333334, 0.027522366666666666, 0.04755686666666666, 0.0, 0.030521600000000003, 0.04237400000000001, 0.051099666666666675, 0.015267166666666663, 0.032408133333333346, 0.027792166666666663, 0.024043099999999998, 0.02066316666666667, 0.02574303333333334, 0.03340173333333333, 0.02957563333333334, 0.03562576666666667, 0.031219100000000003, 0.04413073333333334, 0.05373486666666667, 0.03674706666666666, 0.03936686666666668], [0.05483609999999999, 0.029152900000000002, 0.04151006666666667, 0.04184793333333333, 0.0408408, 0.04040069999999999, 0.03912033333333334, 0.027214566666666665, 0.022200933333333332, 0.04001933333333333, 0.026524333333333334, 0.033320766666666675, 0.0245316, 0.036140533333333336, 0.03561356666666666, 0.030423900000000007, 0.02112793333333333, 0.032486266666666666, 0.034618899999999994, 0.04300086666666667, 0.03446496666666666, 0.028939266666666668, 0.023445700000000007, 0.05132840000000001, 0.02640753333333333, 0.03489973333333332, 0.032966499999999996, 0.03452050000000001, 0.034181933333333324, 0.037813066666666666, 0.0223538, 0.04013976666666666, 0.030521600000000003, 0.0, 0.03753046666666667, 0.0416054, 0.0294618, 0.021603800000000003, 0.03858653333333333, 0.02022473333333333, 0.032383466666666666, 0.03942063333333333, 0.028384666666666666, 0.033363566666666664, 0.05244203333333334, 0.04502163333333334, 0.023513466666666667, 0.025645466666666665, 0.024670866666666673, 0.034948033333333337], [0.026922633333333335, 0.028348166666666667, 0.0460496, 0.03684383333333334, 0.03419203333333334, 0.03313343333333333, 0.040377500000000004, 0.04353956666666669, 0.04217803333333334, 0.059555566666666664, 0.024781999999999995, 0.024860733333333336, 0.038829166666666665, 0.032994266666666654, 0.04686373333333334, 0.04550873333333333, 0.040481633333333336, 0.03723246666666666, 0.0295406, 0.033239899999999996, 0.03533343333333333, 0.04023536666666668, 0.03236066666666666, 0.023159100000000002, 0.023933299999999998, 0.02833783333333333, 0.0419968, 0.04494433333333334, 0.024288966666666672, 0.045181966666666656, 0.0218957, 0.0390874, 0.04237400000000001, 0.03753046666666667, 0.0, 0.033754033333333336, 0.029335833333333332, 0.030363866666666666, 0.04257823333333333, 0.020939399999999993, 0.015313633333333333, 0.028109766666666664, 0.03461543333333333, 0.036733766666666674, 0.03775256666666667, 0.05352419999999999, 0.0303048, 0.02414530000000001, 0.03505813333333334, 0.03884896666666668], [0.03025786666666667, 0.047607833333333335, 0.0411388, 0.04534823333333333, 0.0455646, 0.04010596666666667, 0.049079066666666664, 0.024480866666666663, 0.040293466666666666, 0.03857276666666667, 0.05227796666666667, 0.03063536666666667, 0.029168066666666673, 0.03650093333333334, 0.032131066666666666, 0.0336496, 0.036685733333333345, 0.0335848, 0.03963836666666666, 0.048294000000000004, 0.03474836666666667, 0.0412679, 0.03965386666666666, 0.0305946, 0.037982266666666674, 0.057521266666666675, 0.041387499999999994, 0.03286356666666667, 0.027860766666666672, 0.02758320000000001, 0.03875593333333334, 0.02960663333333333, 0.051099666666666675, 0.0416054, 0.033754033333333336, 0.0, 0.028222033333333334, 0.04426643333333334, 0.0325999, 0.03875983333333333, 0.022373100000000003, 0.030544299999999996, 0.04515876666666666, 0.023097433333333334, 0.03184530000000001, 0.036478, 0.020474066666666665, 0.0417459, 0.06510533333333333, 0.03812463333333333], [0.036593733333333336, 0.030797966666666666, 0.042885266666666665, 0.04097216666666667, 0.03035033333333333, 0.04197013333333333, 0.024624666666666666, 0.024839533333333334, 0.026827766666666666, 0.029122499999999992, 0.037771566666666666, 0.028995500000000004, 0.03897956666666666, 0.020581666666666668, 0.03594543333333333, 0.045187500000000005, 0.030477666666666663, 0.04269063333333333, 0.02841256666666667, 0.04687296666666666, 0.03702476666666666, 0.02605873333333333, 0.045205, 0.03392016666666667, 0.02459003333333333, 0.03330556666666667, 0.032033266666666664, 0.038231366666666676, 0.03670346666666667, 0.03562196666666666, 0.025843599999999994, 0.0340386, 0.015267166666666663, 0.0294618, 0.029335833333333332, 0.028222033333333334, 0.0, 0.01927006666666667, 0.029130466666666674, 0.03767863333333334, 0.017219699999999998, 0.032560200000000004, 0.059483999999999995, 0.0323854, 0.03824723333333334, 0.043299433333333345, 0.03744556666666668, 0.043764466666666675, 0.04290089999999999, 0.02978803333333334], [0.02326006666666666, 0.0428684, 0.028251366666666673, 0.04149203333333334, 0.03982883333333333, 0.024482666666666673, 0.03912950000000001, 0.02047543333333333, 0.024687633333333323, 0.025883066666666663, 0.0212688, 0.04321813333333333, 0.04006326666666666, 0.03208253333333333, 0.043352400000000006, 0.02767743333333333, 0.028550066666666662, 0.03356166666666667, 0.04202556666666667, 0.04636476666666666, 0.025389399999999996, 0.029611633333333335, 0.03831636666666667, 0.05082023333333334, 0.0397915, 0.05150543333333332, 0.027555933333333338, 0.029176833333333336, 0.029608266666666667, 0.027093066666666665, 0.026867133333333335, 0.03379116666666665, 0.032408133333333346, 0.021603800000000003, 0.030363866666666666, 0.04426643333333334, 0.01927006666666667, 0.0, 0.04344853333333334, 0.03529093333333333, 0.0220258, 0.022465033333333325, 0.04530596666666666, 0.04450563333333333, 0.0248993, 0.028961133333333333, 0.0234272, 0.024684599999999998, 0.02829766666666667, 0.021968799999999997], [0.03100613333333333, 0.04962130000000001, 0.024930499999999998, 0.05254583333333333, 0.035650133333333334, 0.02512566666666666, 0.05059976666666666, 0.02726366666666667, 0.032983833333333316, 0.031161899999999996, 0.0317704, 0.04415499999999999, 0.023818133333333328, 0.042336, 0.032635866666666666, 0.04086153333333334, 0.034721699999999994, 0.03394983333333334, 0.021971933333333332, 0.032395966666666665, 0.032387566666666666, 0.029441166666666668, 0.03539716666666667, 0.038603900000000003, 0.020979466666666665, 0.026117766666666667, 0.017604933333333333, 0.02253623333333333, 0.027131166666666665, 0.021221699999999996, 0.029825333333333332, 0.03174663333333333, 0.027792166666666663, 0.03858653333333333, 0.04257823333333333, 0.0325999, 0.029130466666666674, 0.04344853333333334, 0.0, 0.04158529999999999, 0.04661110000000001, 0.02613466666666667, 0.038697600000000006, 0.03854246666666666, 0.03739753333333334, 0.03546126666666667, 0.03111606666666666, 0.02721933333333333, 0.03596363333333334, 0.038122500000000004], [0.03220079999999999, 0.028970966666666667, 0.03818016666666666, 0.04851433333333333, 0.0365328, 0.03865676666666667, 0.026587866666666665, 0.03569686666666666, 0.026140299999999995, 0.022863166666666667, 0.03942956666666667, 0.030494133333333326, 0.030741366666666665, 0.05346646666666667, 0.027855433333333342, 0.03405179999999999, 0.04687856666666668, 0.03887956666666667, 0.052292166666666674, 0.03844903333333334, 0.03129833333333334, 0.03684676666666666, 0.02082273333333333, 0.03421886666666666, 0.03817196666666667, 0.052090533333333335, 0.039367000000000006, 0.037371266666666667, 0.04177276666666667, 0.025933433333333332, 0.03929176666666665, 0.06097033333333334, 0.024043099999999998, 0.02022473333333333, 0.020939399999999993, 0.03875983333333333, 0.03767863333333334, 0.03529093333333333, 0.04158529999999999, 0.0, 0.0282804, 0.032143200000000004, 0.038388566666666665, 0.026645899999999993, 0.03351286666666667, 0.0389971, 0.030630233333333336, 0.03518910000000001, 0.03292533333333333, 0.0366892], [0.021303866666666667, 0.03197133333333333, 0.0312485, 0.04539823333333333, 0.040473166666666664, 0.03695146666666