[[0.009768 0.009727 0.004798 0.006654 0.006138 0.       0.       0.
  0.       0.      ]
 [0.009727 0.009768 0.004776 0.006744 0.006114 0.       0.       0.
  0.       0.      ]
 [0.004798 0.004776 0.009768 0.008329 0.006686 0.       0.       0.
  0.       0.      ]
 [0.006654 0.006744 0.008329 0.009768 0.006974 0.       0.       0.
  0.       0.      ]
 [0.006138 0.006114 0.006686 0.006974 0.009768 0.       0.       0.
  0.       0.      ]
 [0.       0.       0.       0.       0.       0.009768 0.009768 0.004795
  0.006695 0.006138]
 [0.       0.       0.       0.       0.       0.009768 0.009768 0.004776
  0.006744 0.006114]
 [0.       0.       0.       0.       0.       0.004795 0.004776 0.009768
  0.008329 0.006686]
 [0.       0.       0.       0.       0.       0.006695 0.006744 0.008329
  0.009768 0.006974]
 [0.       0.       0.       0.       0.       0.006138 0.006114 0.006686
  0.006974 0.009768]]